,true_data,pre_data
0,33.3269996643,29.4188766479
1,34.2929992676,32.99243927
2,33.6489982605,33.6948471069
3,34.6150016785,34.3458404541
4,35.2589988708,34.2553520203
5,36.547000885,34.3701705933
6,36.9500007629,35.7128829956
7,37.8349990845,36.217628479
8,37.6739997864,35.7599945068
9,34.7760009766,32.075012207
10,27.2889995575,25.9594421387
11,25.4379997253,24.4960575104
12,25.3579998016,24.1646652222
13,25.5990009308,24.7051296234
14,28.0939998627,25.9323272705
15,28.9799995422,27.9755420685
16,31.0729999542,30.1000213623
17,30.5900001526,31.1248435974
18,32.0390014648,31.6931381226
19,31.2339992523,31.8530044556
20,31.6359996796,31.8691940308
21,32.4410018921,31.846446991
22,30.9120006561,31.823387146
23,30.3479995728,31.8085021973
24,31.5559997559,31.8052711487
25,31.4759998322,31.8162231445
26,32.2000007629,31.8408241272
27,31.5559997559,31.876285553
28,32.361000061,31.9123954773
29,32.9239997864,31.9329681396
30,33.2459983826,31.902507782
31,32.763999939,31.7347183228
32,32.1189994812,31.1933135986
33,31.716999054,29.9211978912
34,27.6919994354,28.4229927063
35,25.517999649,27.8866138458
36,25.7600002289,27.8994903564
37,27.0480003357,28.0457706451
38,27.2089996338,28.2521362305
39,27.6919994354,28.4415779114
40,28.5769996643,28.1777000427
41,28.658000946,27.9390602112
42,29.3819999695,27.6488761902
43,29.8649997711,27.9078140259
44,29.8649997711,27.3993797302
45,28.5769996643,27.4092826843
46,28.1749992371,27.3983230591
47,27.3700008392,26.7873382568
48,26.8059997559,25.6559295654
49,25.0349998474,24.3217773438
50,24.7129993439,22.9254188538
51,23.5869998932,21.5073757172
52,23.0230007172,20.7142524719
53,21.6539993286,20.6580886841
54,19.5620002747,21.0114479065
55,22.1369991302,21.4181442261
56,21.4930000305,21.7257843018
57,22.7810001373,21.9804973602
58,22.6210002899,22.1413612366
59,22.7810001373,22.2511291504
60,22.4589996338,21.6168136597
61,20.2049999237,21.2114105225
62,20.4470005035,21.6798629761
63,19.8829994202,21.364818573
64,20.125,21.2191925049
65,19.8829994202,21.0377540588
66,19.6420001984,20.7743301392
67,18.9169998169,20.4859695435
68,19.3199996948,20.1946659088
69,20.125,19.879196167
70,18.6760005951,19.538734436
71,19.3199996948,19.1801128387
72,18.5149993896,18.8109169006
73,17.7910003662,18.4425926208
74,17.2269992828,18.0954589844
75,17.4689998627,17.8201370239
76,17.0659999847,17.7058296204
77,16.6630001068,17.6426315308
78,15.6979999542,17.4789848328
79,15.2950000763,17.3832073212
80,15.5360002518,22.0613498688
81,15.6169996262,17.4989509583
82,16.422000885,17.0153560638
83,17.3880004883,17.3845481873
84,17.6289997101,18.0148506165
85,18.7569999695,18.9248466492
86,20.0450000763,19.5778179169
87,21.3330001831,20.4810562134
88,21.5739994049,21.3830127716
89,22.218000412,22.6102485657
90,25.2770004272,25.1499862671
91,28.3360004425,27.8365859985
92,30.6700000763,30.2847709656
93,31.7980003357,31.3319282532
94,32.361000061,31.7076568604
95,32.84400177,32.001625061
96,32.6030006409,32.3354644775
97,32.6030006409,32.6011581421
98,32.9239997864,32.8442077637
99,34.0509986877,33.1215896606
100,34.3740005493,33.4283027649
101,33.6489982605,33.8756713867
102,35.1790008545,34.8611526489
103,36.063999176,35.6736755371
104,35.7420005798,35.0467453003
105,33.8100013733,31.9574203491
106,26.5650005341,25.8189201355
107,24.4720001221,23.5333938599
108,24.1499996185,23.5732631683
109,24.875,24.1698303223
110,26.0820007324,25.2182121277
111,28.1749992371,26.8857841492
112,28.9799995422,28.744890213
113,30.3479995728,29.4846401215
114,30.9930000305,29.8148384094
115,30.9120006561,29.7764110565
116,31.0729999542,29.626499176
117,29.8649997711,29.4935493469
118,30.4290008545,29.3948402405
119,30.5100002289,29.3073596954
120,31.0729999542,30.634513855
121,30.5100002289,29.3206539154
122,32.1189994812,30.2163391113
123,31.2339992523,29.8515853882
124,30.9120006561,29.9420452118
125,30.9120006561,29.5576438904
126,32.0390014648,29.2812690735
127,30.267999649,28.9565734863
128,30.0259990692,28.5099143982
129,29.4629993439,27.7996349335
130,26.2430000305,26.7803459167
131,25.5990009308,25.9043445587
132,26.6459999084,25.7096214294
133,27.2889995575,25.848941803
134,26.4039993286,26.184337616
135,27.1280002594,26.8583908081
136,28.5769996643,27.3530540466
137,28.4969997406,27.3774700165
138,28.8190002441,27.2774772644
139,28.8990001678,26.9488697052
140,28.9799995422,26.1736068726
141,27.8530006409,25.3385848999
142,27.3700008392,24.8170948029
143,26.5650005341,23.7610282898
144,25.6800003052,22.3961391449
145,24.311000824,21.5045089722
146,23.263999939,20.3938694
147,23.263999939,19.726272583
148,21.8159999847,19.4927196503
149,20.4470005035,19.5097026825
150,18.9979991913,19.7459602356
151,20.6879997253,19.9190216064
152,20.6879997253,20.0546894073
153,21.0100002289,20.1627235413
154,20.9300003052,20.5340557098
155,19.8829994202,20.3932170868
156,20.0450000763,20.1767845154
157,19.1590003967,19.6757965088
158,19.3999996185,19.9790725708
159,18.5149993896,19.8410339355
160,19.4810009003,18.8084373474
161,18.9169998169,20.925327301
162,19.1590003967,20.543390274
163,18.8369998932,20.2062911987
164,18.3540000916,19.8455276489
165,17.8710002899,19.5219402313
166,18.2740001678,19.1846008301
167,18.8369998932,18.8452949524
168,17.3880004883,18.4894561768
169,16.7439994812,18.1232624054
170,17.0659999847,17.765663147
171,16.986000061,17.4625892639
172,16.6630001068,17.3043270111
173,16.1809997559,17.2594890594
174,16.8239994049,17.1169776917
175,16.3409996033,17.0535316467
176,17.2269992828,17.0830726624
177,16.6630001068,17.2911148071
178,17.7099990845,17.630115509
179,17.5489997864,17.9585533142
180,18.7569999695,18.5776176453
181,19.2399997711,19.1935577393
182,20.0450000763,19.9829139709
183,20.125,20.873884201
184,20.2859992981,22.3689537048
185,20.6079998016,24.4609909058
186,23.5869998932,27.1034355164
187,26.6459999084,29.7346286774
188,27.2889995575,30.9267616272
189,28.658000946,31.6314239502
190,29.1410007477,32.047504425
191,29.7049999237,32.2712745667
192,30.107000351,32.4147186279
193,30.5900001526,32.6187553406
194,30.4290008545,32.8662490845
195,31.313999176,33.1162872314
196,32.2000007629,33.4162139893
197,31.7980003357,34.0784645081
198,33.4879989624,35.2001609802
199,33.3269996643,35.1791381836
200,33.1660003662,31.1921005249
201,31.5559997559,31.1781959534
202,25.2770004272,29.4414348602
203,22.5400009155,26.8180599213
204,22.6210002899,23.8412399292
205,23.4249992371,24.3854694366
206,23.0230007172,26.1615982056
207,25.1959991455,28.0699520111
208,26.4039993286,29.70495224
209,28.1749992371,29.6063175201
210,28.658000946,29.5868148804
211,28.2549991608,29.626832962
212,29.1410007477,29.6052341461
213,28.4169998169,29.5402069092
214,28.5769996643,29.4610233307
215,28.013999939,29.3882904053
216,28.4169998169,29.3224697113
217,27.8530006409,29.2617645264
218,28.658000946,29.2006378174
219,28.9799995422,29.1383075714
220,29.7849998474,29.0707588196
221,29.3819999695,28.9949913025
222,29.2220001221,28.8956565857
223,29.0599994659,28.7467918396
224,29.3020000458,28.4980926514
225,28.4969997406,28.0693359375
226,26.0009994507,27.2772045135
227,24.7940006256,26.028553009
228,25.5990009308,25.3750896454
229,24.3920001984,25.6213035583
230,23.7469997406,25.8284187317
231,24.311000824,26.0690898895
232,25.0349998474,26.587928772
233,25.2770004272,27.1691265106
234,26.3229999542,27.3311634064
235,26.0009994507,27.2696838379
236,26.4039993286,27.0876102448
237,25.3579998016,26.4886627197
238,24.7129993439,25.5713062286
239,23.827999115,25.0252590179
240,22.8619995117,25.436712265
241,21.8159999847,23.9188232422
242,21.2520008087,22.3564491272
243,20.6079998016,21.0220832825
244,19.8829994202,20.1454219818
245,18.8369998932,20.0815944672
246,17.7910003662,19.9081134796
247,18.2740001678,19.9151344299
248,19.6420001984,19.8775901794
249,19.5620002747,19.9251308441
250,19.1590003967,20.2346916199
251,19.3999996185,19.6083621979
252,18.4340000153,18.9830284119
253,18.4340000153,18.3937225342
254,18.5149993896,18.4288082123
255,18.2740001678,18.357219696
256,17.3880004883,18.0647621155
257,17.1459999084,17.8765792847
258,16.7439994812,17.6080856323
259,16.6630001068,17.2683982849
260,17.0659999847,16.912311554
261,17.3069992065,16.5640792847
262,18.1119995117,16.2201404572
263,17.4689998627,15.8608846664
264,17.0659999847,15.4847784042
265,16.1809997559,15.1289834976
266,16.422000885,14.8470010757
267,14.8120002747,14.6946020126
268,15.4560003281,14.7198057175
269,14.9729995728,14.8048009872
270,15.4560003281,14.7944364548
271,15.1339998245,14.8377065659
272,15.6169996262,15.0164937973
273,15.7779998779,15.345749855
274,15.6979999542,15.7546110153
275,17.4689998627,16.5235233307
276,18.3540000916,17.3895492554
277,20.2049999237,18.1692657471
278,20.6079998016,19.1099243164
279,20.3659992218,19.8840198517
280,20.6879997253,25.4315071106
281,21.3330001831,23.3405342102
282,25.4379997253,24.8076000214
283,29.1410007477,26.8329677582
284,29.7849998474,29.966835022
285,31.8780002594,30.8791542053
286,33.1660003662,32.2716293335
287,32.84400177,32.5793151855
288,32.9239997864,32.9164047241
289,34.7760009766,33.0208969116
290,34.5349998474,33.328994751
291,36.1450004578,33.5567092896
292,36.3860015869,33.7864952087
293,37.0299987793,34.0415649414
294,37.2709999084,34.8460006714
295,38.1570014954,35.9240112305
296,39.4449996948,35.7243995667
297,36.6269989014,33.5175590515
298,29.7849998474,27.4861431122
299,26.7259998322,24.5283164978
300,26.7259998322,24.1897468567
301,28.3360004425,24.5813846588
302,28.5769996643,25.461605072
303,31.6359996796,27.0920448303
304,32.2000007629,29.2004184723
305,32.763999939,30.3715400696
306,34.9370002747,30.9702606201
307,34.4539985657,31.2044296265
308,34.0509986877,31.2956466675
309,34.0509986877,31.3873825073
310,34.0509986877,31.4870376587
311,33.6489982605,31.5683441162
312,33.9710006714,31.6276817322
313,34.0509986877,31.6767272949
314,34.3740005493,31.724861145
315,35.4199981689,31.7771492004
316,34.9370002747,31.8304023743
317,35.016998291,31.8804550171
318,35.5,31.920753479
319,34.6150016785,31.946018219
320,34.5349998474,29.7082042694
321,33.408000946,29.9618053436
322,31.4759998322,29.9931564331
323,30.8309993744,29.6360797882
324,30.5100002289,29.4038925171
325,30.9120006561,28.8003063202
326,30.4290008545,28.5436439514
327,28.9799995422,28.8649330139
328,30.3479995728,29.2279472351
329,29.0599994659,29.3478317261
330,29.9459991455,29.3581466675
331,29.7049999237,29.2132492065
332,29.7849998474,28.7628059387
333,28.7390003204,27.9994678497
334,27.611000061,27.2702026367
335,27.611000061,26.4536705017
336,26.0009994507,25.1525688171
337,25.3579998016,23.8938446045
338,24.9549999237,22.702671051
339,23.5060005188,21.2387771606
340,21.4130001068,20.5231285095
341,21.2520008087,20.493927002
342,20.125,20.857591629
343,21.4130001068,21.303440094
344,20.7689990997,21.5300655365
345,23.0230007172,21.7077388763
346,22.3789997101,21.5564727783
347,21.6539993286,21.3711662292
348,21.2520008087,20.5503311157
349,21.4930000305,20.1416301727
350,21.7350006104,20.2057800293
351,21.4130001068,19.9233322144
352,20.6879997253,19.7477455139
353,20.4470005035,19.7298240662
354,20.6879997253,19.6086559296
355,20.2049999237,19.3652820587
356,20.4470005035,19.0439567566
357,19.3199996948,18.7109947205
358,19.8829994202,18.3737468719
359,18.9979991913,18.035692215
360,19.079000473,19.5751075745
361,19.079000473,17.8108901978
362,19.079000473,17.2806510925
363,18.031999588,17.213060379
364,18.2740001678,16.7931213379
365,18.1930007935,16.5379524231
366,18.2740001678,16.3972930908
367,18.031999588,16.4381694794
368,18.4340000153,16.4993286133
369,17.9510002136,16.6954154968
370,19.079000473,17.1320228577
371,19.8829994202,17.6348114014
372,19.8829994202,18.1512374878
373,21.4930000305,19.0806713104
374,21.8959999084,20.1377925873
375,21.9759998322,20.8893928528
376,22.5400009155,21.5852088928
377,23.263999939,22.9105014801
378,25.5990009308,25.3091125488
379,28.9799995422,28.4039516449
380,30.9930000305,30.2143478394
381,32.2799987793,31.6674880981
382,32.9239997864,32.3505706787
383,33.5690002441,32.7395439148
384,34.2130012512,33.0379180908
385,33.7290000916,33.2772827148
386,34.6949996948,33.5594902039
387,34.6150016785,33.8517913818
388,34.6150016785,34.1378364563
389,34.6949996948,34.7744903564
390,34.5349998474,35.8942756653
391,35.1790008545,36.0997467041
392,35.0979995728,35.6007270813
393,33.4879989624,32.838809967
394,26.8869991302,26.5488739014
395,24.9549999237,24.3386516571
396,25.7600002289,24.2927722931
397,25.4379997253,24.8473243713
398,27.1280002594,25.9294509888
399,30.5900001526,27.623134613
400,30.6700000763,31.6748657227
401,32.361000061,30.9938163757
402,32.84400177,29.5322914124
403,33.0849990845,30.6962203979
404,31.3950004578,32.2512817383
405,31.9580001831,31.9943695068
406,32.2000007629,32.0196647644
407,32.361000061,32.0116882324
408,32.2000007629,32.0510215759
409,32.2799987793,32.0806999207
410,33.3269996643,32.1097640991
411,33.7290000916,32.133480072
412,32.763999939,32.1485671997
413,34.3740005493,32.1469268799
414,34.2130012512,32.1023330688
415,34.3740005493,31.9440460205
416,34.0509986877,31.4926795959
417,33.7290000916,30.4593353271
418,30.5100002289,29.0505943298
419,30.0259990692,28.3316955566
420,29.5429992676,28.2568778992
421,29.6240005493,28.357875824
422,28.4969997406,28.5614776611
423,28.8990001678,28.8907413483
424,28.8190002441,29.4055709839
425,28.7390003204,29.7484912872
426,28.658000946,29.6964950562
427,28.5769996643,29.4290657043
428,28.2549991608,28.8533096313
429,28.1749992371,28.0775337219
430,27.2889995575,27.5091190338
431,26.968000412,26.7407073975
432,25.5990009308,25.4082984924
433,24.7940006256,24.2841567993
434,24.2299995422,23.2803859711
435,23.0230007172,21.8545646667
436,21.8159999847,20.7534427643
437,20.8500003815,20.5509929657
438,21.0909996033,20.7045936584
439,21.9759998322,21.1829338074
440,22.7010002136,25.0945091248
441,22.7010002136,21.8319778442
442,22.6210002899,21.8033351898
443,21.9759998322,21.3940238953
444,21.7350006104,21.3267364502
445,21.170999527,20.345500946
446,21.7350006104,20.2975502014
447,22.2989997864,20.6241760254
448,22.2989997864,20.2426567078
449,21.5739994049,20.0500659943
450,20.3659992218,19.8611755371
451,20.2049999237,19.6717834473
452,20.3659992218,19.3628444672
453,19.9640007019,18.9984912872
454,18.9169998169,18.6117458344
455,19.3199996948,18.234954834
456,18.2740001678,17.8890190125
457,17.6289997101,17.591884613
458,18.1930007935,17.3755493164
459,18.4340000153,17.2863044739
460,18.6760005951,17.239074707
461,18.5949993134,17.0657539368
462,18.3540000916,16.9173049927
463,17.6289997101,16.8792591095
464,19.2399997711,16.9572219849
465,18.9979991913,17.3704910278
466,17.9510002136,17.8809776306
467,19.6420001984,18.4353294373
468,19.8029994965,19.2293109894
469,21.9759998322,20.1681308746
470,22.9419994354,20.9964599609
471,22.4589996338,21.5711460114
472,22.9419994354,22.6485137939
473,24.0690002441,24.7546634674
474,25.920999527,28.0309848785
475,28.5769996643,30.4984321594
476,30.5100002289,31.5554161072
477,32.2000007629,32.1415939331
478,31.716999054,32.5225524902
479,33.2459983826,32.7549667358
480,33.9710006714,29.4263114929
481,34.2130012512,33.0066261292
482,34.2130012512,33.6361846924
483,34.8559989929,34.276714325
484,34.9370002747,34.12159729
485,35.0979995728,34.2646255493
486,36.4659996033,35.5862960815
487,37.5929985046,36.0963859558
488,37.5130004883,35.6968803406
489,33.2459983826,32.0648918152
490,26.4839992523,25.8824653625
491,23.5869998932,24.3571357727
492,24.5520000458,24.0420703888
493,25.6800003052,24.6125621796
494,26.0009994507,25.775144577
495,28.3360004425,27.7074146271
496,30.107000351,29.7771186829
497,30.6700000763,30.8054618835
498,31.8780002594,31.4429550171
499,32.5219993591,31.6698532104
500,31.5559997559,31.7228546143
501,31.313999176,31.7219314575
502,32.0390014648,31.7128448486
503,32.5219993591,31.7096443176
504,32.2799987793,31.7190055847
505,32.0390014648,31.7432060242
506,31.7980003357,31.7776184082
507,31.9580001831,31.8143043518
508,31.3950004578,31.8406524658
509,31.6359996796,31.8409805298
510,31.1529998779,31.7767028809
511,30.9930000305,31.5385055542
512,31.0729999542,30.8388595581
513,29.8649997711,29.4258747101
514,27.2089996338,28.1362495422
515,27.4510002136,27.7020950317
516,26.6459999084,27.6899223328
517,26.6459999084,27.8455543518
518,26.0009994507,28.0671634674
519,27.2889995575,28.2745342255
520,27.9340000153,27.8722076416
521,28.2549991608,27.8188686371
522,28.9799995422,27.470703125
523,29.2220001221,27.7717609406
524,29.4629993439,27.3145446777
525,29.3020000458,27.4073295593
526,28.0939998627,27.4625053406
527,28.2549991608,26.9578514099
528,27.3700008392,25.9560184479
529,25.517999649,24.7235679626
530,25.1959991455,23.3854045868
531,23.9090003967,21.9790534973
532,21.8959999084,20.7916984558
533,20.4470005035,20.4953346252
534,21.2520008087,20.7310600281
535,21.5739994049,21.1795597076
536,21.4930000305,21.4862365723
537,22.1369991302,21.717666626
538,22.5400009155,21.7628192902
539,21.3330001831,21.6506195068
540,21.5739994049,20.8636894226
541,21.4930000305,20.4976577759
542,20.6079998016,20.7386169434
543,22.3789997101,20.2723712921
544,21.8159999847,20.2097320557
545,20.8500003815,20.1226634979
546,21.0909996033,19.9529018402
547,21.170999527,19.6861000061
548,21.3330001831,19.3908004761
549,20.2049999237,19.0849399567
550,19.2399997711,18.7646064758
551,19.3999996185,18.4305381775
552,19.5620002747,18.0842323303
553,18.9169998169,17.7338752747
554,18.5949993134,17.4066390991
555,18.5149993896,17.1764030457
556,18.5949993134,17.1188964844
557,18.1119995117,17.0305519104
558,18.9169998169,16.9504241943
559,17.8710002899,16.9542808533
