,true_data,pre_data
0,33.3269996643,30.0260353088
1,34.2929992676,33.5896377563
2,33.6489982605,34.3195991516
3,34.6150016785,34.0606575012
4,35.2589988708,34.0379524231
5,36.547000885,34.5942268372
6,36.9500007629,35.8782119751
7,37.8349990845,36.7864646912
8,37.6739997864,36.5461387634
9,34.7760009766,34.5493812561
10,27.2889995575,28.6841926575
11,25.4379997253,25.4610557556
12,25.3579998016,24.8752746582
13,25.5990009308,25.1954746246
14,28.0939998627,25.9453010559
15,28.9799995422,27.5534076691
16,31.0729999542,29.8566493988
17,30.5900001526,31.1581878662
18,32.0390014648,31.9382820129
19,31.2339992523,32.1614341736
20,31.6359996796,32.1016807556
21,32.4410018921,31.9812698364
22,30.9120006561,31.8932685852
23,30.3479995728,31.8441886902
24,31.5559997559,31.8328132629
25,31.4759998322,31.8610496521
26,32.2000007629,31.9317054749
27,31.5559997559,32.0482788086
28,32.361000061,32.2011566162
29,32.9239997864,32.3648452759
30,33.2459983826,32.4946403503
31,32.763999939,32.5467262268
32,32.1189994812,32.4475364685
33,31.716999054,31.9856719971
34,27.6919994354,30.7097702026
35,25.517999649,29.0074710846
36,25.7600002289,28.3526554108
37,27.0480003357,28.3158054352
38,27.2089996338,28.4503479004
39,27.6919994354,28.666059494
40,28.5769996643,27.4376792908
41,28.658000946,28.5989780426
42,29.3819999695,28.2923488617
43,29.8649997711,28.7007312775
44,29.8649997711,28.3995552063
45,28.5769996643,28.5635185242
46,28.1749992371,28.4935722351
47,27.3700008392,27.8939552307
48,26.8059997559,26.8622703552
49,25.0349998474,25.6818199158
50,24.7129993439,24.6412353516
51,23.5869998932,23.5300292969
52,23.0230007172,22.250453949
53,21.6539993286,21.1861534119
54,19.5620002747,20.697467804
55,22.1369991302,21.0071964264
56,21.4930000305,21.5398826599
57,22.7810001373,21.773853302
58,22.6210002899,22.1145629883
59,22.7810001373,22.0544528961
60,22.4589996338,21.672416687
61,20.2049999237,21.1140346527
62,20.4470005035,21.5242996216
63,19.8829994202,21.2075786591
64,20.125,21.1448745728
65,19.8829994202,21.1023597717
66,19.6420001984,20.9168205261
67,18.9169998169,20.6415901184
68,19.3199996948,20.4031105042
69,20.125,20.1197319031
70,18.6760005951,19.7744598389
71,19.3199996948,19.3754310608
72,18.5149993896,18.9426345825
73,17.7910003662,18.5023880005
74,17.2269992828,18.0829238892
75,17.4689998627,17.7120094299
76,17.0659999847,17.4473876953
77,16.6630001068,17.4121208191
78,15.6979999542,17.4681091309
79,15.2950000763,17.2717227936
80,15.5360002518,19.6142120361
81,15.6169996262,17.1515865326
82,16.422000885,16.708158493
83,17.3880004883,17.1654701233
84,17.6289997101,17.5893497467
85,18.7569999695,18.2742538452
86,20.0450000763,19.0273342133
87,21.3330001831,20.0184745789
88,21.5739994049,20.8772277832
89,22.218000412,21.9905700684
90,25.2770004272,24.0972118378
91,28.3360004425,27.1161613464
92,30.6700000763,29.0292396545
93,31.7980003357,30.8869628906
94,32.361000061,31.4523963928
95,32.84400177,31.9109344482
96,32.6030006409,32.3297996521
97,32.6030006409,32.7246856689
98,32.9239997864,33.1186141968
99,34.0509986877,33.3843307495
100,34.3740005493,33.4842643738
101,33.6489982605,33.6100387573
102,35.1790008545,34.165397644
103,36.063999176,35.4712638855
104,35.7420005798,35.8359718323
105,33.8100013733,34.6260871887
106,26.5650005341,29.9050254822
107,24.4720001221,25.7887573242
108,24.1499996185,24.9599246979
109,24.875,24.7644882202
110,26.0820007324,25.1742286682
111,28.1749992371,26.7119750977
112,28.9799995422,29.0130500793
113,30.3479995728,30.0472297668
114,30.9930000305,30.8652458191
115,30.9120006561,31.3016967773
116,31.0729999542,31.3254966736
117,29.8649997711,31.0878677368
118,30.4290008545,30.7522506714
119,30.5100002289,30.4773902893
120,31.0729999542,30.7006111145
121,30.5100002289,30.4941139221
122,32.1189994812,30.262752533
123,31.2339992523,29.953836441
124,30.9120006561,30.0946159363
125,30.9120006561,29.8372554779
126,32.0390014648,29.664396286
127,30.267999649,29.483379364
128,30.0259990692,29.2577896118
129,29.4629993439,28.8433704376
130,26.2430000305,28.055267334
131,25.5990009308,26.959356308
132,26.6459999084,26.2590694427
133,27.2889995575,26.152305603
134,26.4039993286,26.2631187439
135,27.1280002594,26.6936016083
136,28.5769996643,27.4211807251
137,28.4969997406,27.6845245361
138,28.8190002441,27.5795230865
139,28.8990001678,27.350944519
140,28.9799995422,26.8539009094
141,27.8530006409,26.1048583984
142,27.3700008392,25.536365509
143,26.5650005341,24.7865829468
144,25.6800003052,23.4958248138
145,24.311000824,22.6554527283
146,23.263999939,21.8176231384
147,23.263999939,20.6095123291
148,21.8159999847,19.7786998749
149,20.4470005035,19.6219100952
150,18.9979991913,19.8894920349
151,20.6879997253,20.077960968
152,20.6879997253,20.1868629456
153,21.0100002289,20.2935333252
154,20.9300003052,20.2005996704
155,19.8829994202,20.5381851196
156,20.0450000763,20.4754810333
157,19.1590003967,19.9162750244
158,19.3999996185,20.0783901215
159,18.5149993896,20.2187747955
160,19.4810009003,19.0056667328
161,18.9169998169,20.6604919434
162,19.1590003967,20.7483081818
163,18.8369998932,20.4038276672
164,18.3540000916,20.2934341431
165,17.8710002899,20.0291519165
166,18.2740001678,19.8013267517
167,18.8369998932,19.5374927521
168,17.3880004883,19.2450141907
169,16.7439994812,18.9179859161
170,17.0659999847,18.5652160645
171,16.986000061,18.1913375854
172,16.6630001068,17.8098602295
173,16.1809997559,17.4540748596
174,16.8239994049,17.2228870392
175,16.3409996033,17.1846561432
176,17.2269992828,17.0298995972
177,16.6630001068,16.8960914612
178,17.7099990845,16.9489955902
179,17.5489997864,17.133769989
180,18.7569999695,17.4311313629
181,19.2399997711,17.7144584656
182,20.0450000763,18.3498706818
183,20.125,18.9914627075
184,20.2859992981,19.8705024719
185,20.6079998016,20.9986915588
186,23.5869998932,22.6735572815
187,26.6459999084,24.9367141724
188,27.2889995575,27.5308303833
189,28.658000946,29.8416290283
190,29.1410007477,31.0750160217
191,29.7049999237,31.6617927551
192,30.107000351,32.1994361877
193,30.5900001526,32.6181602478
194,30.4290008545,33.077381134
195,31.313999176,33.4007835388
196,32.2000007629,33.6009216309
197,31.7980003357,33.7257804871
198,33.4879989624,33.843711853
199,33.3269996643,34.270488739
200,33.1660003662,32.1075782776
201,31.5559997559,30.4243431091
202,25.2770004272,28.180639267
203,22.5400009155,24.9349594116
204,22.6210002899,23.8991947174
205,23.4249992371,24.9735965729
206,23.0230007172,25.5622367859
207,25.1959991455,26.854259491
208,26.4039993286,29.1404342651
209,28.1749992371,29.8329772949
210,28.658000946,30.0006752014
211,28.2549991608,30.3138542175
212,29.1410007477,30.420539856
213,28.4169998169,30.397808075
214,28.5769996643,30.2737426758
215,28.013999939,30.1356544495
216,28.4169998169,30.030506134
217,27.8530006409,29.9741134644
218,28.658000946,29.9506454468
219,28.9799995422,29.9451065063
220,29.7849998474,29.941204071
221,29.3819999695,29.9329967499
222,29.2220001221,29.9116230011
223,29.0599994659,29.8718605042
224,29.3020000458,29.7900466919
225,28.4969997406,29.605255127
226,26.0009994507,29.1218566895
227,24.7940006256,27.9737930298
228,25.5990009308,26.4541034698
229,24.3920001984,25.9188156128
230,23.7469997406,26.0429477692
231,24.311000824,26.3074455261
232,25.0349998474,26.9401931763
233,25.2770004272,27.5372619629
234,26.3229999542,27.5780391693
235,26.0009994507,27.465511322
236,26.4039993286,27.3515796661
237,25.3579998016,27.0429000854
238,24.7129993439,26.3717384338
239,23.827999115,25.6436691284
240,22.8619995117,24.18608284
241,21.8159999847,23.7288856506
242,21.2520008087,22.3178386688
243,20.6079998016,21.3217849731
244,19.8829994202,20.1690750122
245,18.8369998932,19.9750843048
246,17.7910003662,19.9104251862
247,18.2740001678,19.959072113
248,19.6420001984,19.9495410919
249,19.5620002747,19.9858264923
250,19.1590003967,19.8622589111
251,19.3999996185,19.041053772
252,18.4340000153,18.6320228577
253,18.4340000153,18.3751525879
254,18.5149993896,18.6103401184
255,18.2740001678,18.3829917908
256,17.3880004883,18.1504592896
257,17.1459999084,17.9217777252
258,16.7439994812,17.6622676849
259,16.6630001068,17.3403148651
260,17.0659999847,16.9742393494
261,17.3069992065,16.5830421448
262,18.1119995117,16.131986618
263,17.4689998627,15.6212253571
264,17.0659999847,15.0733566284
265,16.1809997559,14.5828666687
266,16.422000885,14.2486438751
267,14.8120002747,14.1175003052
268,15.4560003281,14.1598510742
269,14.9729995728,14.2668762207
270,15.4560003281,14.40259552
271,15.1339998245,14.5858745575
272,15.6169996262,14.7307167053
273,15.7779998779,14.9079799652
274,15.6979999542,15.4195327759
275,17.4689998627,16.1738777161
276,18.3540000916,17.111825943
277,20.2049999237,17.8057956696
278,20.6079998016,18.918170929
279,20.3659992218,19.6594581604
280,20.6879997253,23.8536663055
281,21.3330001831,23.0554046631
282,25.4379997253,24.7217006683
283,29.1410007477,27.7744178772
284,29.7849998474,29.7046718597
285,31.8780002594,30.767375946
286,33.1660003662,32.2675056458
287,32.84400177,32.8036842346
288,32.9239997864,33.0227165222
289,34.7760009766,33.2032089233
290,34.5349998474,33.5221099854
291,36.1450004578,33.9062576294
292,36.3860015869,33.9347114563
293,37.0299987793,34.146572113
294,37.2709999084,34.9980316162
295,38.1570014954,36.0489997864
296,39.4449996948,35.9898452759
297,36.6269989014,34.9070777893
298,29.7849998474,30.3736991882
299,26.7259998322,25.6159095764
300,26.7259998322,24.8124275208
301,28.3360004425,24.8935890198
302,28.5769996643,25.2979602814
303,31.6359996796,26.5053062439
304,32.2000007629,28.5381240845
305,32.763999939,30.1494674683
306,34.9370002747,31.0510826111
307,34.4539985657,31.5266685486
308,34.0509986877,31.6622390747
309,34.0509986877,31.6491737366
310,34.0509986877,31.6315193176
311,33.6489982605,31.6533546448
312,33.9710006714,31.6866950989
313,34.0509986877,31.7257804871
314,34.3740005493,31.7699928284
315,35.4199981689,31.8251609802
316,34.9370002747,31.893787384
317,35.016998291,31.979057312
318,35.5,32.0743370056
319,34.6150016785,32.1691322327
320,34.5349998474,29.453332901
321,33.408000946,30.8931121826
322,31.4759998322,29.8625869751
323,30.8309993744,29.6912651062
324,30.5100002289,29.3857822418
325,30.9120006561,28.5869674683
326,30.4290008545,28.2105331421
327,28.9799995422,28.5834331512
328,30.3479995728,29.2200393677
329,29.0599994659,29.4226074219
330,29.9459991455,29.4097042084
331,29.7049999237,29.3350334167
332,29.7849998474,29.0554122925
333,28.7390003204,28.4750747681
334,27.611000061,27.7946510315
335,27.611000061,27.0693130493
336,26.0009994507,25.9161491394
337,25.3579998016,24.9470329285
338,24.9549999237,24.1104793549
339,23.5060005188,23.0208396912
340,21.4130001068,21.7865447998
341,21.2520008087,20.9252281189
342,20.125,20.5826950073
343,21.4130001068,21.0073566437
344,20.7689990997,21.419593811
345,23.0230007172,21.5931472778
346,22.3789997101,21.2504386902
347,21.6539993286,21.1414031982
348,21.2520008087,20.7054691315
349,21.4930000305,20.1304531097
350,21.7350006104,20.2648143768
351,21.4130001068,20.0469112396
352,20.6879997253,19.7692947388
353,20.4470005035,19.7472553253
354,20.6879997253,19.7375106812
355,20.2049999237,19.5728874207
356,20.4470005035,19.2322349548
357,19.3199996948,18.8618469238
358,19.8829994202,18.4756317139
359,18.9979991913,18.0731658936
360,19.079000473,18.5938682556
361,19.079000473,17.6809921265
362,19.079000473,17.0165405273
363,18.031999588,17.0050926208
364,18.2740001678,16.6767349243
365,18.1930007935,16.4611625671
366,18.2740001678,16.2840957642
367,18.031999588,16.2807102203
368,18.4340000153,16.2730178833
369,17.9510002136,16.2795658112
370,19.079000473,16.4638118744
371,19.8829994202,16.8769454956
372,19.8829994202,17.407623291
373,21.4930000305,17.9907970428
374,21.8959999084,18.9582767487
375,21.9759998322,20.0409965515
376,22.5400009155,20.7632141113
377,23.263999939,21.6113548279
378,25.5990009308,23.0129127502
379,28.9799995422,25.416759491
380,30.9930000305,28.2998371124
381,32.2799987793,29.918586731
382,32.9239997864,31.7604789734
383,33.5690002441,32.3988227844
384,34.2130012512,32.8483848572
385,33.7290000916,33.1423339844
386,34.6949996948,33.4283943176
387,34.6150016785,33.6635284424
388,34.6150016785,33.8662719727
389,34.6949996948,34.0592079163
390,34.5349998474,34.4671096802
391,35.1790008545,35.5831565857
392,35.0979995728,36.1601600647
393,33.4879989624,35.8601417542
394,26.8869991302,34.0912437439
395,24.9549999237,28.7236824036
396,25.7600002289,25.4077663422
397,25.4379997253,24.9979362488
398,27.1280002594,25.0709991455
399,30.5900001526,25.732088089
400,30.6700000763,32.3119239807
401,32.361000061,30.569316864
402,32.84400177,30.5480766296
403,33.0849990845,31.8438644409
404,31.3950004578,31.6470527649
405,31.9580001831,32.0984458923
406,32.2000007629,32.1305503845
407,32.361000061,32.18907547
408,32.2000007629,32.2120819092
409,32.2799987793,32.2315139771
410,33.3269996643,32.2550621033
411,33.7290000916,32.2986907959
412,32.763999939,32.3641586304
413,34.3740005493,32.4480514526
414,34.2130012512,32.5197639465
415,34.3740005493,32.5144004822
416,34.0509986877,32.3060913086
417,33.7290000916,31.6223297119
418,30.5100002289,30.163105011
419,30.0259990692,28.8207397461
420,29.5429992676,28.5071582794
421,29.6240005493,28.5436401367
422,28.4969997406,28.7208404541
423,28.8990001678,29.0018444061
424,28.8190002441,29.4663009644
425,28.7390003204,29.9291496277
426,28.658000946,29.993347168
427,28.5769996643,29.8353176117
428,28.2549991608,29.4966526031
429,28.1749992371,28.8394088745
430,27.2889995575,28.0964641571
431,26.968000412,27.2071342468
432,25.5990009308,25.9458656311
433,24.7940006256,25.2258377075
434,24.2299995422,24.4286499023
435,23.0230007172,23.3649978638
436,21.8159999847,22.1368865967
437,20.8500003815,21.189655304
438,21.0909996033,20.7363319397
439,21.9759998322,20.9791202545
440,22.7010002136,23.5116004944
441,22.7010002136,21.6015281677
442,22.6210002899,21.4342498779
443,21.9759998322,21.6808929443
444,21.7350006104,21.7238197327
445,21.170999527,19.9154891968
446,21.7350006104,20.2704353333
447,22.2989997864,20.2380485535
448,22.2989997864,20.3904838562
449,21.5739994049,20.1049613953
450,20.3659992218,19.9437103271
451,20.2049999237,19.7821044922
452,20.3659992218,19.5179443359
453,19.9640007019,19.1853370667
454,18.9169998169,18.7913665771
455,19.3199996948,18.3707847595
456,18.2740001678,17.9574699402
457,17.6289997101,17.5861930847
458,18.1930007935,17.2949676514
459,18.4340000153,17.1393928528
460,18.6760005951,17.1100673676
461,18.5949993134,16.9522628784
462,18.3540000916,16.700302124
463,17.6289997101,16.5745201111
464,19.2399997711,16.6411018372
465,18.9979991913,16.8679466248
466,17.9510002136,17.4219512939
467,19.6420001984,17.9071235657
468,19.8029994965,18.738494873
469,21.9759998322,19.6631278992
470,22.9419994354,20.6767978668
471,22.4589996338,21.5318641663
472,22.9419994354,22.3377571106
473,24.0690002441,24.0310611725
474,25.920999527,26.861246109
475,28.5769996643,29.8407878876
476,30.5100002289,31.6399002075
477,32.2000007629,32.5457420349
478,31.716999054,33.1695709229
479,33.2459983826,33.6404342651
480,33.9710006714,30.0540885925
481,34.2130012512,33.5699081421
482,34.2130012512,34.2106666565
483,34.8559989929,33.8860282898
484,34.9370002747,33.8698921204
485,35.0979995728,34.441493988
486,36.4659996033,35.756313324
487,37.5929985046,36.6237373352
488,37.5130004883,36.6193275452
489,33.2459983826,34.6318092346
490,26.4839992523,28.9219207764
491,23.5869998932,25.3772544861
492,24.5520000458,24.6361160278
493,25.6800003052,24.9945411682
494,26.0009994507,25.7572193146
495,28.3360004425,27.3311462402
496,30.107000351,29.6241569519
497,30.6700000763,30.9544830322
498,31.8780002594,31.7611274719
499,32.5219993591,32.0072898865
500,31.5559997559,31.9558677673
501,31.313999176,31.8549880981
502,32.0390014648,31.7835578918
503,32.5219993591,31.7461280823
504,32.2799987793,31.7418479919
505,32.0390014648,31.7731895447
506,31.7980003357,31.8421821594
507,31.9580001831,31.9506378174
508,31.3950004578,32.0859947205
509,31.6359996796,32.219455719
510,31.1529998779,32.3040847778
511,30.9930000305,32.2874717712
512,31.0729999542,32.042049408
513,29.8649997711,31.2151947021
514,27.2089996338,29.5464839935
515,27.4510002136,28.2797164917
516,26.6459999084,27.9782676697
517,26.6459999084,28.005405426
518,26.0009994507,28.1656494141
519,27.2889995575,28.3818626404
520,27.9340000153,27.1849822998
521,28.2549991608,28.4749622345
522,28.9799995422,28.0428390503
523,29.2220001221,28.4745197296
524,29.4629993439,28.262550354
525,29.3020000458,28.5126724243
526,28.0939998627,28.5021858215
527,28.2549991608,28.0037689209
528,27.3700008392,27.1363048553
529,25.517999649,26.0649032593
530,25.1959991455,24.9859390259
531,23.9090003967,23.9433364868
532,21.8959999084,22.7066650391
533,20.4470005035,21.4524745941
534,21.2520008087,20.7102184296
535,21.5739994049,20.7062911987
536,21.4930000305,21.340057373
537,22.1369991302,21.5913181305
538,22.5400009155,21.6701145172
539,21.3330001831,21.4546165466
540,21.5739994049,20.987953186
541,21.4930000305,20.439201355
542,20.6079998016,20.7589416504
543,22.3789997101,20.4126434326
544,21.8159999847,20.3476428986
545,20.8500003815,20.364906311
546,21.0909996033,20.2797164917
547,21.170999527,19.9973125458
548,21.3330001831,19.721118927
549,20.2049999237,19.4534492493
550,19.2399997711,19.1521339417
551,19.3999996185,18.8063659668
552,19.5620002747,18.4209156036
553,18.9169998169,18.0129203796
554,18.5949993134,17.6056575775
555,18.5149993896,17.2257957458
556,18.5949993134,16.9625797272
557,18.1119995117,16.9550590515
558,18.9169998169,16.9020576477
559,17.8710002899,16.7810897827
