,true_data,pre_data
0,33.3269996643,26.4589977264
1,34.2929992676,31.5056304932
2,33.6489982605,33.090423584
3,34.6150016785,33.8119430542
4,35.2589988708,34.5442199707
5,36.547000885,35.3326568604
6,36.9500007629,36.7155990601
7,37.8349990845,36.2760543823
8,37.6739997864,35.0029563904
9,34.7760009766,30.9481925964
10,27.2889995575,25.8636207581
11,25.4379997253,25.2826423645
12,25.3579998016,25.504573822
13,25.5990009308,26.6067295074
14,28.0939998627,28.0807685852
15,28.9799995422,30.2316818237
16,31.0729999542,31.6378326416
17,30.5900001526,31.9226722717
18,32.0390014648,32.1783981323
19,31.2339992523,32.3244018555
20,31.6359996796,32.4172897339
21,32.4410018921,32.4769096375
22,30.9120006561,32.5193481445
23,30.3479995728,32.5498962402
24,31.5559997559,32.5688247681
25,31.4759998322,32.5722045898
26,32.2000007629,32.549697876
27,31.5559997559,32.4800338745
28,32.361000061,32.3147735596
29,32.9239997864,31.9522857666
30,33.2459983826,31.2236785889
31,32.763999939,30.0996627808
32,32.1189994812,29.1067657471
33,31.716999054,28.7404022217
34,27.6919994354,28.756362915
35,25.517999649,28.8795013428
36,25.7600002289,29.0525417328
37,27.0480003357,29.2203121185
38,27.2089996338,29.3346176147
39,27.6919994354,29.3975086212
40,28.5769996643,28.5586071014
41,28.658000946,26.6381187439
42,29.3819999695,26.7303943634
43,29.8649997711,27.0032176971
44,29.8649997711,26.8842048645
45,28.5769996643,26.8310890198
46,28.1749992371,26.9305877686
47,27.3700008392,26.3837280273
48,26.8059997559,25.1778297424
49,25.0349998474,23.8442268372
50,24.7129993439,22.7504749298
51,23.5869998932,22.0205745697
52,23.0230007172,21.555770874
53,21.6539993286,21.506072998
54,19.5620002747,21.7857055664
55,22.1369991302,22.0135822296
56,21.4930000305,22.2914619446
57,22.7810001373,22.5831642151
58,22.6210002899,22.5092315674
59,22.7810001373,22.3229598999
60,22.4589996338,21.9366416931
61,20.2049999237,21.5223407745
62,20.4470005035,22.0329589844
63,19.8829994202,22.1213417053
64,20.125,21.8178253174
65,19.8829994202,21.4430961609
66,19.6420001984,21.1734580994
67,18.9169998169,20.867307663
68,19.3199996948,20.5332603455
69,20.125,20.1621437073
70,18.6760005951,19.7696056366
71,19.3199996948,19.3694114685
72,18.5149993896,18.9672679901
73,17.7910003662,18.5717964172
74,17.2269992828,18.2087574005
75,17.4689998627,17.9190101624
76,17.0659999847,17.747045517
77,16.6630001068,17.7021579742
78,15.6979999542,17.6792373657
79,15.2950000763,17.6071929932
80,15.5360002518,23.3914337158
81,15.6169996262,20.3699741364
82,16.422000885,18.1177330017
83,17.3880004883,18.6435089111
84,17.6289997101,19.7818889618
85,18.7569999695,20.7139034271
86,20.0450000763,21.6572399139
87,21.3330001831,23.0345649719
88,21.5739994049,24.6465702057
89,22.218000412,27.280752182
90,25.2770004272,29.4005699158
91,28.3360004425,30.2006874084
92,30.6700000763,31.9743423462
93,31.7980003357,32.6034317017
94,32.361000061,32.6864852905
95,32.84400177,32.9236755371
96,32.6030006409,33.2559394836
97,32.6030006409,33.5532798767
98,32.9239997864,33.8052024841
99,34.0509986877,34.0561904907
100,34.3740005493,34.6242828369
101,33.6489982605,35.7882614136
102,35.1790008545,35.9177322388
103,36.063999176,34.0794868469
104,35.7420005798,29.3248023987
105,33.8100013733,26.3277454376
106,26.5650005341,25.5391273499
107,24.4720001221,24.8957328796
108,24.1499996185,25.3572101593
109,24.875,26.4693470001
110,26.0820007324,28.4320640564
111,28.1749992371,29.8707504272
112,28.9799995422,30.01288414
113,30.3479995728,30.1660385132
114,30.9930000305,30.2002792358
115,30.9120006561,30.2032279968
116,31.0729999542,30.1899642944
117,29.8649997711,30.1736984253
118,30.4290008545,30.1577682495
119,30.5100002289,30.1434555054
120,31.0729999542,27.7109279633
121,30.5100002289,30.1474838257
122,32.1189994812,29.8162479401
123,31.2339992523,29.8539733887
124,30.9120006561,30.3957633972
125,30.9120006561,30.1926345825
126,32.0390014648,29.8675136566
127,30.267999649,29.3998603821
128,30.0259990692,28.6617107391
129,29.4629993439,27.6067886353
130,26.2430000305,26.5832748413
131,25.5990009308,26.1968250275
132,26.6459999084,26.3378295898
133,27.2889995575,26.6994800568
134,26.4039993286,27.2953948975
135,27.1280002594,27.6770877838
136,28.5769996643,27.6901512146
137,28.4969997406,27.5270175934
138,28.8190002441,26.9893226624
139,28.8990001678,25.9254646301
140,28.9799995422,24.8700275421
141,27.8530006409,24.3352661133
142,27.3700008392,23.5623493195
143,26.5650005341,22.2065525055
144,25.6800003052,21.1694355011
145,24.311000824,20.5219459534
146,23.263999939,20.0315208435
147,23.263999939,20.0916900635
148,21.8159999847,20.5137004852
149,20.4470005035,20.6320209503
150,18.9979991913,20.6405487061
151,20.6879997253,20.6583862305
152,20.6879997253,20.7062034607
153,21.0100002289,20.7379226685
154,20.9300003052,20.5826129913
155,19.8829994202,20.7779159546
156,20.0450000763,20.2738227844
157,19.1590003967,20.1327629089
158,19.3999996185,19.9494476318
159,18.5149993896,19.6731567383
160,19.4810009003,20.0063934326
161,18.9169998169,18.9232139587
162,19.1590003967,20.1966762543
163,18.8369998932,19.8888587952
164,18.3540000916,19.7055244446
165,17.8710002899,19.3623352051
166,18.2740001678,19.0082130432
167,18.8369998932,18.6643619537
168,17.3880004883,18.3272819519
169,16.7439994812,18.0019493103
170,17.0659999847,17.7097930908
171,16.986000061,17.4819488525
172,16.6630001068,17.3514404297
173,16.1809997559,17.3008155823
174,16.8239994049,17.2568035126
175,16.3409996033,17.2088718414
176,17.2269992828,17.2993240356
177,16.6630001068,17.7917022705
178,17.7099990845,18.3522891998
179,17.5489997864,18.9442081451
180,18.7569999695,19.7669372559
181,19.2399997711,20.7734737396
182,20.0450000763,21.6176586151
183,20.125,22.8149528503
184,20.2859992981,24.1212310791
185,20.6079998016,26.7762012482
186,23.5869998932,29.155916214
187,26.6459999084,30.4728355408
188,27.2889995575,31.9586868286
189,28.658000946,32.4212265015
190,29.1410007477,32.7912483215
191,29.7049999237,33.0048828125
192,30.107000351,33.2040977478
193,30.5900001526,33.4311904907
194,30.4290008545,33.6534614563
195,31.313999176,33.8582878113
196,32.2000007629,34.1694259644
197,31.7980003357,35.0744667053
198,33.4879989624,35.6913528442
199,33.3269996643,34.0724716187
200,33.1660003662,26.867401123
201,31.5559997559,32.8115158081
202,25.2770004272,31.1451911926
203,22.5400009155,30.7184638977
204,22.6210002899,28.3459568024
205,23.4249992371,26.8641586304
206,23.0230007172,27.9037818909
207,25.1959991455,29.8464069366
208,26.4039993286,30.3558349609
209,28.1749992371,30.2178726196
210,28.658000946,30.2111740112
211,28.2549991608,30.2010993958
212,29.1410007477,30.1856079102
213,28.4169998169,30.1603393555
214,28.5769996643,30.1267356873
215,28.013999939,30.0822753906
216,28.4169998169,30.0180587769
217,27.8530006409,29.9169635773
218,28.658000946,29.7495651245
219,28.9799995422,29.4841823578
220,29.7849998474,29.1211280823
221,29.3819999695,28.7326145172
222,29.2220001221,28.35131073
223,29.0599994659,27.8109474182
224,29.3020000458,26.9125881195
225,28.4969997406,26.1119308472
226,26.0009994507,26.1255531311
227,24.7940006256,26.4468383789
228,25.5990009308,26.6956043243
229,24.3920001984,26.9433898926
230,23.7469997406,27.4012374878
231,24.311000824,27.810710907
232,25.0349998474,27.8218631744
233,25.2770004272,27.6898078918
234,26.3229999542,27.2546081543
235,26.0009994507,26.2551269531
236,26.4039993286,25.0654315948
237,25.3579998016,24.5503311157
238,24.7129993439,24.2329139709
239,23.827999115,23.3514518738
240,22.8619995117,27.1993274689
241,21.8159999847,23.7333221436
242,21.2520008087,22.8327102661
243,20.6079998016,22.0759429932
244,19.8829994202,21.1123790741
245,18.8369998932,20.6769218445
246,17.7910003662,20.2637825012
247,18.2740001678,20.1369018555
248,19.6420001984,20.1606006622
249,19.5620002747,20.3746910095
250,19.1590003967,20.6434822083
251,19.3999996185,20.3661994934
252,18.4340000153,20.0787773132
253,18.4340000153,19.5041770935
254,18.5149993896,19.1034507751
255,18.2740001678,18.8618507385
256,17.3880004883,18.6515350342
257,17.1459999084,18.3981342316
258,16.7439994812,18.1054382324
259,16.6630001068,17.8115062714
260,17.0659999847,17.5188751221
261,17.3069992065,17.2140731812
262,18.1119995117,16.8851852417
263,17.4689998627,16.5402488708
264,17.0659999847,16.1914558411
265,16.1809997559,15.8513069153
266,16.422000885,15.5316829681
267,14.8120002747,15.2468128204
268,15.4560003281,15.0398254395
269,14.9729995728,14.9884414673
270,15.4560003281,15.1648406982
271,15.1339998245,15.5384693146
272,15.6169996262,15.8585548401
273,15.7779998779,16.0473823547
274,15.6979999542,16.4883899689
275,17.4689998627,17.610874176
276,18.3540000916,18.6149482727
277,20.2049999237,19.4722099304
278,20.6079998016,20.5300579071
279,20.3659992218,21.3747634888
280,20.6879997253,24.9816207886
281,21.3330001831,25.8422222137
282,25.4379997253,27.7722301483
283,29.1410007477,29.6044597626
284,29.7849998474,31.2806167603
285,31.8780002594,32.8892288208
286,33.1660003662,33.493019104
287,32.84400177,33.8663330078
288,32.9239997864,34.119140625
289,34.7760009766,34.0144577026
290,34.5349998474,34.0330657959
291,36.1450004578,34.2076263428
292,36.3860015869,34.5446815491
293,37.0299987793,35.4310188293
294,37.2709999084,36.4242172241
295,38.1570014954,36.1290817261
296,39.4449996948,34.0170822144
297,36.6269989014,29.1834831238
298,29.7849998474,26.1797981262
299,26.7259998322,25.8131561279
300,26.7259998322,25.9747161865
301,28.3360004425,26.6263847351
302,28.5769996643,27.9058799744
303,31.6359996796,29.9040222168
304,32.2000007629,31.3413238525
305,32.763999939,31.6711349487
306,34.9370002747,31.983745575
307,34.4539985657,32.1592979431
308,34.0509986877,32.2696838379
309,34.0509986877,32.341796875
310,34.0509986877,32.3952293396
311,33.6489982605,32.4380455017
312,33.9710006714,32.4735107422
313,34.0509986877,32.5028572083
314,34.3740005493,32.5250434875
315,35.4199981689,32.5385284424
316,34.9370002747,32.5391197205
317,35.016998291,32.520614624
318,35.5,32.4681434631
319,34.6150016785,32.3488960266
320,34.5349998474,28.503276825
321,33.408000946,28.6992530823
322,31.4759998322,29.0385665894
323,30.8309993744,29.5498485565
324,30.5100002289,30.1133155823
325,30.9120006561,29.786895752
326,30.4290008545,29.2454662323
327,28.9799995422,29.0699520111
328,30.3479995728,29.3007297516
329,29.0599994659,29.5538043976
330,29.9459991455,29.6149253845
331,29.7049999237,29.4141273499
332,29.7849998474,28.811416626
333,28.7390003204,27.9043807983
334,27.611000061,27.0620231628
335,27.611000061,26.0970802307
336,26.0009994507,24.7292442322
337,25.3579998016,23.5270671844
338,24.9549999237,22.5831451416
339,23.5060005188,21.8104248047
340,21.4130001068,21.2490291595
341,21.2520008087,21.0813541412
342,20.125,21.6129283905
343,21.4130001068,21.8684883118
344,20.7689990997,22.1258850098
345,23.0230007172,22.3799800873
346,22.3789997101,22.1937503815
347,21.6539993286,21.9197177887
348,21.2520008087,21.149181366
349,21.4930000305,20.6733169556
350,21.7350006104,20.9015235901
351,21.4130001068,20.7167434692
352,20.6879997253,20.3477363586
353,20.4470005035,20.214006424
354,20.6879997253,20.0117149353
355,20.2049999237,19.7136077881
356,20.4470005035,19.3551330566
357,19.3199996948,19.006269455
358,19.8829994202,18.6683959961
359,18.9979991913,18.3400840759
360,19.079000473,21.032699585
361,19.079000473,18.4912853241
362,19.079000473,17.9681854248
363,18.031999588,17.3317375183
364,18.2740001678,17.1372509003
365,18.1930007935,16.7667617798
366,18.2740001678,16.5804824829
367,18.031999588,16.6348514557
368,18.4340000153,16.8465175629
369,17.9510002136,17.2081546783
370,19.079000473,17.83852005
371,19.8829994202,18.4860363007
372,19.8829994202,19.2593803406
373,21.4930000305,20.4212608337
374,21.8959999084,21.4212341309
375,21.9759998322,22.1511611938
376,22.5400009155,23.3056602478
377,23.263999939,25.0803489685
378,25.5990009308,28.0444641113
379,28.9799995422,30.1700286865
380,30.9930000305,31.4012069702
381,32.2799987793,32.8950271606
382,32.9239997864,33.3129768372
383,33.5690002441,33.7868232727
384,34.2130012512,34.0989608765
385,33.7290000916,34.2758216858
386,34.6949996948,34.3920097351
387,34.6150016785,34.4833755493
388,34.6150016785,34.7827796936
389,34.6949996948,35.7799453735
390,34.5349998474,36.3403663635
391,35.1790008545,35.710723877
392,35.0979995728,32.5060653687
393,33.4879989624,26.8953895569
394,26.8869991302,25.9645690918
395,24.9549999237,26.1666679382
396,25.7600002289,26.4676418304
397,25.4379997253,27.4382305145
398,27.1280002594,28.7319030762
399,30.5900001526,30.9093017578
400,30.6700000763,28.1962738037
401,32.361000061,32.0866012573
402,32.84400177,31.287399292
403,33.0849990845,30.993473053
404,31.3950004578,31.4818344116
405,31.9580001831,32.2307739258
406,32.2000007629,32.3505897522
407,32.361000061,32.3909072876
408,32.2000007629,32.4100418091
409,32.2799987793,32.4112014771
410,33.3269996643,32.396396637
411,33.7290000916,32.3624038696
412,32.763999939,32.2888755798
413,34.3740005493,32.1335983276
414,34.2130012512,31.8072814941
415,34.3740005493,31.1546516418
416,34.0509986877,30.0862197876
417,33.7290000916,29.0696029663
418,30.5100002289,28.7437038422
419,30.0259990692,28.8278198242
420,29.5429992676,28.9949989319
421,29.6240005493,29.2019767761
422,28.4969997406,29.4240818024
423,28.8990001678,29.7273197174
424,28.8190002441,30.1341629028
425,28.7390003204,30.1337585449
426,28.658000946,29.480178833
427,28.5769996643,28.6046485901
428,28.2549991608,27.9509086609
429,28.1749992371,27.2901344299
430,27.2889995575,26.0964584351
431,26.968000412,24.779548645
432,25.5990009308,23.9013767242
433,24.7940006256,22.9629459381
434,24.2299995422,22.099439621
435,23.0230007172,21.5647926331
436,21.8159999847,21.2897415161
437,20.8500003815,21.8089332581
438,21.0909996033,22.2523193359
439,21.9759998322,22.4508495331
440,22.7010002136,28.2835044861
441,22.7010002136,23.3615188599
442,22.6210002899,24.406961441
443,21.9759998322,22.5150756836
444,21.7350006104,22.0036048889
445,21.170999527,20.5320968628
446,21.7350006104,20.2141799927
447,22.2989997864,20.4262504578
448,22.2989997864,20.760597229
449,21.5739994049,20.3662834167
450,20.3659992218,20.1545753479
451,20.2049999237,19.8923206329
452,20.3659992218,19.5569248199
453,19.9640007019,19.1755580902
454,18.9169998169,18.7774200439
455,19.3199996948,18.3889122009
456,18.2740001678,18.0315628052
457,17.6289997101,17.7186164856
458,18.1930007935,17.4559001923
459,18.4340000153,17.2493000031
460,18.6760005951,17.1127910614
461,18.5949993134,17.0423927307
462,18.3540000916,17.0018100739
463,17.6289997101,16.9512081146
464,19.2399997711,16.9493923187
465,18.9979991913,17.2430496216
466,17.9510002136,18.0536460876
467,19.6420001984,18.7603378296
468,19.8029994965,19.5547676086
469,21.9759998322,20.6576595306
470,22.9419994354,21.636674881
471,22.4589996338,22.4701557159
472,22.9419994354,23.4442195892
473,24.0690002441,25.4925079346
474,25.920999527,28.5188789368
475,28.5769996643,30.7093734741
476,30.5100002289,31.8953857422
477,32.2000007629,32.6566963196
478,31.716999054,33.0132637024
479,33.2459983826,33.3747024536
480,33.9710006714,26.415807724
481,34.2130012512,31.5478096008
482,34.2130012512,32.9960327148
483,34.8559989929,33.747795105
484,34.9370002747,34.4574203491
485,35.0979995728,35.3670730591
486,36.4659996033,36.6914672852
487,37.5929985046,36.1499137878
488,37.5130004883,34.8967590332
489,33.2459983826,30.788230896
490,26.4839992523,25.6423053741
491,23.5869998932,25.0415821075
492,24.5520000458,25.2989330292
493,25.6800003052,26.3838157654
494,26.0009994507,27.875623703
495,28.3360004425,30.1139221191
496,30.107000351,31.4596176147
497,30.6700000763,31.782409668
498,31.8780002594,32.0667724609
499,32.5219993591,32.2136993408
500,31.5559997559,32.3017234802
501,31.313999176,32.3566131592
502,32.0390014648,32.3949890137
503,32.5219993591,32.4215011597
504,32.2799987793,32.4355773926
505,32.0390014648,32.4322357178
506,31.7980003357,32.398651123
507,31.9580001831,32.3078155518
508,31.3950004578,32.0992469788
509,31.6359996796,31.6549224854
510,31.1529998779,30.8274459839
511,30.9930000305,29.7328681946
512,31.0729999542,28.9036865234
513,29.8649997711,28.5984535217
514,27.2089996338,28.6271934509
515,27.4510002136,28.7624397278
516,26.6459999084,28.9440078735
517,26.6459999084,29.1138458252
518,26.0009994507,29.2243328094
519,27.2889995575,29.2793540955
520,27.9340000153,28.29712677
521,28.2549991608,26.3609409332
522,28.9799995422,26.490650177
523,29.2220001221,26.7869815826
524,29.4629993439,26.6658744812
525,29.3020000458,26.6783676147
526,28.0939998627,26.8798847198
527,28.2549991608,26.4544410706
528,27.3700008392,25.3601608276
529,25.517999649,24.0647182465
530,25.1959991455,22.9242458344
531,23.9090003967,22.0826644897
532,21.8959999084,21.5286445618
533,20.4470005035,21.2936668396
534,21.2520008087,21.5569915771
535,21.5739994049,21.7790908813
536,21.4930000305,22.0246734619
537,22.1369991302,22.3010940552
538,22.5400009155,22.2250556946
539,21.3330001831,22.0524253845
540,21.5739994049,21.3815746307
541,21.4930000305,20.7749958038
542,20.6079998016,21.0897903442
543,22.3789997101,20.9418506622
544,21.8159999847,20.5435752869
545,20.8500003815,20.3479747772
546,21.0909996033,20.1341285706
547,21.170999527,19.8411827087
548,21.3330001831,19.5052871704
549,20.2049999237,19.1622123718
550,19.2399997711,18.8137321472
551,19.3999996185,18.4626617432
552,19.5620002747,18.1094036102
553,18.9169998169,17.7624664307
554,18.5949993134,17.4488506317
555,18.5149993896,17.2054214478
556,18.5949993134,17.0608177185
557,18.1119995117,17.0159912109
558,18.9169998169,17.0585365295
559,17.8710002899,17.0997505188
