,true_data,pre_data
0,33.3269996643,31.2955055237
1,34.2929992676,33.74193573
2,33.6489982605,34.4352798462
3,34.6150016785,33.8494415283
4,35.2589988708,34.0700798035
5,36.547000885,34.8992271423
6,36.9500007629,36.0934677124
7,37.8349990845,36.8456840515
8,37.6739997864,36.3247184753
9,34.7760009766,33.2764472961
10,27.2889995575,27.1266326904
11,25.4379997253,24.5279369354
12,25.3579998016,24.1961021423
13,25.5990009308,24.8686161041
14,28.0939998627,26.2997436523
15,28.9799995422,28.5973491669
16,31.0729999542,29.9233818054
17,30.5900001526,30.9618988037
18,32.0390014648,31.5358543396
19,31.2339992523,31.6994476318
20,31.6359996796,31.6701316833
21,32.4410018921,31.6357154846
22,30.9120006561,31.6448287964
23,30.3479995728,31.6955757141
24,31.5559997559,31.7898483276
25,31.4759998322,31.9353675842
26,32.2000007629,32.1268920898
27,31.5559997559,32.3325386047
28,32.361000061,32.4908332825
29,32.9239997864,32.5583839417
30,33.2459983826,32.5035743713
31,32.763999939,32.2124557495
32,32.1189994812,31.3138237
33,31.716999054,29.6329231262
34,27.6919994354,28.5322856903
35,25.517999649,28.2692604065
36,25.7600002289,28.2525520325
37,27.0480003357,28.4046173096
38,27.2089996338,28.6613922119
39,27.6919994354,28.922121048
40,28.5769996643,27.0878295898
41,28.658000946,28.043510437
42,29.3819999695,28.2334213257
43,29.8649997711,28.7068824768
44,29.8649997711,28.3816299438
45,28.5769996643,28.558807373
46,28.1749992371,28.1950035095
47,27.3700008392,27.3269443512
48,26.8059997559,26.1493473053
49,25.0349998474,24.90883255
50,24.7129993439,23.7099781036
51,23.5869998932,22.3953704834
52,23.0230007172,21.1989078522
53,21.6539993286,20.5311374664
54,19.5620002747,20.593503952
55,22.1369991302,21.217010498
56,21.4930000305,21.4665908813
57,22.7810001373,21.6362915039
58,22.6210002899,22.2406768799
59,22.7810001373,22.1264457703
60,22.4589996338,21.8281803131
61,20.2049999237,21.1293373108
62,20.4470005035,21.3353996277
63,19.8829994202,21.0980854034
64,20.125,20.9163894653
65,19.8829994202,21.0000476837
66,19.6420001984,20.6050605774
67,18.9169998169,20.4205513
68,19.3199996948,20.2882537842
69,20.125,20.1263275146
70,18.6760005951,19.8650398254
71,19.3199996948,19.5084915161
72,18.5149993896,19.0860519409
73,17.7910003662,18.6366615295
74,17.2269992828,18.2077999115
75,17.4689998627,17.838344574
76,17.0659999847,17.5543251038
77,16.6630001068,17.440404892
78,15.6979999542,17.5493621826
79,15.2950000763,17.5143795013
80,15.5360002518,17.6545143127
81,15.6169996262,16.8595924377
82,16.422000885,16.8730506897
83,17.3880004883,17.3933601379
84,17.6289997101,18.2940368652
85,18.7569999695,18.9843559265
86,20.0450000763,19.8963279724
87,21.3330001831,20.7330741882
88,21.5739994049,21.7824897766
89,22.218000412,23.4471549988
90,25.2770004272,26.5181026459
91,28.3360004425,29.4792976379
92,30.6700000763,31.9217262268
93,31.7980003357,32.7140312195
94,32.361000061,33.4255867004
95,32.84400177,34.0272750854
96,32.6030006409,34.5567932129
97,32.6030006409,34.7895088196
98,32.9239997864,34.8850135803
99,34.0509986877,34.865032196
100,34.3740005493,34.9340248108
101,33.6489982605,35.6830368042
102,35.1790008545,36.8331680298
103,36.063999176,36.9386329651
104,35.7420005798,35.8296089172
105,33.8100013733,31.4918365479
106,26.5650005341,27.3106117249
107,24.4720001221,25.6200046539
108,24.1499996185,25.4996566772
109,24.875,26.3384666443
110,26.0820007324,28.5511665344
111,28.1749992371,30.3520851135
112,28.9799995422,31.3502998352
113,30.3479995728,32.2372398376
114,30.9930000305,32.6657447815
115,30.9120006561,32.9118690491
116,31.0729999542,33.0292549133
117,29.8649997711,33.0409812927
118,30.4290008545,32.9533576965
119,30.5100002289,32.8023071289
120,31.0729999542,30.1120300293
121,30.5100002289,30.0433616638
122,32.1189994812,30.8570098877
123,31.2339992523,31.0763816833
124,30.9120006561,31.5802116394
125,30.9120006561,31.7259101868
126,32.0390014648,31.8384437561
127,30.267999649,31.8649177551
128,30.0259990692,31.8017692566
129,29.4629993439,31.5410423279
130,26.2430000305,30.9214248657
131,25.5990009308,29.7837791443
132,26.6459999084,28.5878696442
133,27.2889995575,28.0598182678
134,26.4039993286,27.8951377869
135,27.1280002594,27.9364013672
136,28.5769996643,28.2955551147
137,28.4969997406,28.8299751282
138,28.8190002441,28.9463119507
139,28.8990001678,28.8118476868
140,28.9799995422,28.5858345032
141,27.8530006409,28.1416969299
142,27.3700008392,27.3996925354
143,26.5650005341,26.7583599091
144,25.6800003052,26.287437439
145,24.311000824,25.3368263245
146,23.263999939,24.4387016296
147,23.263999939,23.7695121765
148,21.8159999847,22.7750854492
149,20.4470005035,21.5876083374
150,18.9979991913,20.5164260864
151,20.6879997253,19.8291015625
152,20.6879997253,19.8406219482
153,21.0100002289,20.1973800659
154,20.9300003052,21.380115509
155,19.8829994202,21.9912605286
156,20.0450000763,21.7299041748
157,19.1590003967,21.4725036621
158,19.3999996185,20.6459922791
159,18.5149993896,20.2735290527
160,19.4810009003,20.3928527832
161,18.9169998169,20.7328948975
162,19.1590003967,20.4278087616
163,18.8369998932,19.9844665527
164,18.3540000916,19.7113647461
165,17.8710002899,19.3484745026
166,18.2740001678,19.0563087463
167,18.8369998932,18.7423324585
168,17.3880004883,18.4092769623
169,16.7439994812,18.0517959595
170,17.0659999847,17.6965560913
171,16.986000061,17.4050235748
172,16.6630001068,17.3008270264
173,16.1809997559,17.2841281891
174,16.8239994049,17.062084198
175,16.3409996033,17.0276317596
176,17.2269992828,17.1398544312
177,16.6630001068,17.326002121
178,17.7099990845,17.6842651367
179,17.5489997864,17.9696273804
180,18.7569999695,18.6000671387
181,19.2399997711,19.4346504211
182,20.0450000763,20.237203598
183,20.125,21.0205764771
184,20.2859992981,23.0553359985
185,20.6079998016,25.7827033997
186,23.5869998932,29.0786247253
187,26.6459999084,31.6890830994
188,27.2889995575,32.9086341858
189,28.658000946,33.5958442688
190,29.1410007477,34.1788063049
191,29.7049999237,34.4741325378
192,30.107000351,34.6394691467
193,30.5900001526,34.649356842
194,30.4290008545,34.6265602112
195,31.313999176,34.7711524963
196,32.2000007629,35.6161231995
197,31.7980003357,36.7658729553
198,33.4879989624,36.8951225281
199,33.3269996643,36.1974334717
200,33.1660003662,32.1905288696
201,31.5559997559,29.4532146454
202,25.2770004272,27.0572090149
203,22.5400009155,25.214641571
204,22.6210002899,25.1191005707
205,23.4249992371,26.4323101044
206,23.0230007172,27.7692146301
207,25.1959991455,29.051530838
208,26.4039993286,30.4260749817
209,28.1749992371,30.8540916443
210,28.658000946,31.4607124329
211,28.2549991608,31.8173942566
212,29.1410007477,32.0626678467
213,28.4169998169,32.2113800049
214,28.5769996643,32.3226280212
215,28.013999939,32.4209785461
216,28.4169998169,32.532459259
217,27.8530006409,32.6481018066
218,28.658000946,32.7149925232
219,28.9799995422,32.7041358948
220,29.7849998474,32.6425819397
221,29.3819999695,32.5653419495
222,29.2220001221,32.4826850891
223,29.0599994659,32.3925056458
224,29.3020000458,32.262878418
225,28.4969997406,31.989490509
226,26.0009994507,31.2651786804
227,24.7940006256,29.8231143951
228,25.5990009308,28.6635780334
229,24.3920001984,28.3097190857
230,23.7469997406,28.0821208954
231,24.311000824,28.1232948303
232,25.0349998474,28.5042915344
233,25.2770004272,29.100812912
234,26.3229999542,29.2799530029
235,26.0009994507,29.1447525024
236,26.4039993286,28.7906837463
237,25.3579998016,27.9965133667
238,24.7129993439,27.0714664459
239,23.827999115,26.6033706665
240,22.8619995117,23.7674293518
241,21.8159999847,23.301858902
242,21.2520008087,22.9345703125
243,20.6079998016,22.3896274567
244,19.8829994202,21.7121963501
245,18.8369998932,20.8502311707
246,17.7910003662,20.2275276184
247,18.2740001678,20.055065155
248,19.6420001984,20.1998176575
249,19.5620002747,20.2715492249
250,19.1590003967,19.9685688019
251,19.3999996185,19.232711792
252,18.4340000153,18.7296886444
253,18.4340000153,18.5257530212
254,18.5149993896,18.6698112488
255,18.2740001678,18.3906974792
256,17.3880004883,18.0990982056
257,17.1459999084,17.7652893066
258,16.7439994812,17.5117454529
259,16.6630001068,17.3422775269
260,17.0659999847,17.048002243
261,17.3069992065,16.6772708893
262,18.1119995117,16.2992477417
263,17.4689998627,15.8797597885
264,17.0659999847,15.4685258865
265,16.1809997559,15.0983495712
266,16.422000885,14.8838567734
267,14.8120002747,14.935713768
268,15.4560003281,15.1307821274
269,14.9729995728,15.2145109177
270,15.4560003281,15.1957616806
271,15.1339998245,15.1552915573
272,15.6169996262,15.133685112
273,15.7779998779,15.3927965164
274,15.6979999542,16.0073432922
275,17.4689998627,16.8668174744
276,18.3540000916,17.5997180939
277,20.2049999237,18.2111644745
278,20.6079998016,19.1552391052
279,20.3659992218,19.6739959717
280,20.6879997253,23.0550193787
281,21.3330001831,22.8086624146
282,25.4379997253,25.4013633728
283,29.1410007477,28.169254303
284,29.7849998474,29.8630180359
285,31.8780002594,30.9873008728
286,33.1660003662,32.0259208679
287,32.84400177,32.4053993225
288,32.9239997864,32.7395057678
289,34.7760009766,33.0633659363
290,34.5349998474,33.451084137
291,36.1450004578,33.851940155
292,36.3860015869,34.1093444824
293,37.0299987793,34.7322731018
294,37.2709999084,35.9425964355
295,38.1570014954,36.4073028564
296,39.4449996948,36.049030304
297,36.6269989014,33.1832122803
298,29.7849998474,27.300825119
299,26.7259998322,25.0581741333
300,26.7259998322,25.0038146973
301,28.3360004425,25.4354972839
302,28.5769996643,26.5922203064
303,31.6359996796,28.476934433
304,32.2000007629,30.1552810669
305,32.763999939,31.3849411011
306,34.9370002747,31.9897041321
307,34.4539985657,32.1653785706
308,34.0509986877,32.1926689148
309,34.0509986877,32.1120071411
310,34.0509986877,32.0005073547
311,33.6489982605,31.9217720032
312,33.9710006714,31.8920516968
313,34.0509986877,31.9077033997
314,34.3740005493,31.9581069946
315,35.4199981689,32.0429191589
316,34.9370002747,32.1674346924
317,35.016998291,32.3254127502
318,35.5,32.4757499695
319,34.6150016785,32.5613670349
320,34.5349998474,29.0471382141
321,33.408000946,30.2328071594
322,31.4759998322,29.8634872437
323,30.8309993744,29.6890907288
324,30.5100002289,29.1376304626
325,30.9120006561,28.3552627563
326,30.4290008545,28.3564834595
327,28.9799995422,29.0016059875
328,30.3479995728,29.5182151794
329,29.0599994659,29.558052063
330,29.9459991455,29.483373642
331,29.7049999237,29.2511196136
332,29.7849998474,28.7211036682
333,28.7390003204,28.0641880035
334,27.611000061,27.5514755249
335,27.611000061,26.6613273621
336,26.0009994507,25.5399055481
337,25.3579998016,24.6900672913
338,24.9549999237,23.5176296234
339,23.5060005188,22.2457885742
340,21.4130001068,21.2417869568
341,21.2520008087,20.6542701721
342,20.125,20.8824234009
343,21.4130001068,21.3895339966
344,20.7689990997,21.6042480469
345,23.0230007172,21.7819232941
346,22.3789997101,21.5278968811
347,21.6539993286,21.3693122864
348,21.2520008087,21.1422157288
349,21.4930000305,20.3784751892
350,21.7350006104,20.3342685699
351,21.4130001068,20.2309494019
352,20.6879997253,19.9382972717
353,20.4470005035,19.8612289429
354,20.6879997253,19.9247436523
355,20.2049999237,19.7390022278
356,20.4470005035,19.2567367554
357,19.3199996948,18.9436740875
358,19.8829994202,18.660949707
359,18.9979991913,18.3817501068
360,19.079000473,17.9726924896
361,19.079000473,17.4283008575
362,19.079000473,16.8294143677
363,18.031999588,16.6725616455
364,18.2740001678,16.4152488708
365,18.1930007935,16.1804161072
366,18.2740001678,16.104637146
367,18.031999588,16.2685871124
368,18.4340000153,16.4104614258
369,17.9510002136,16.5919418335
370,19.079000473,17.0366706848
371,19.8829994202,17.6781539917
372,19.8829994202,18.3092212677
373,21.4930000305,19.3318443298
374,21.8959999084,20.2144355774
375,21.9759998322,20.8306999207
376,22.5400009155,21.5699119568
377,23.263999939,22.9172611237
378,25.5990009308,25.5770282745
379,28.9799995422,28.7483921051
380,30.9930000305,30.3595161438
381,32.2799987793,31.8524742126
382,32.9239997864,32.5344390869
383,33.5690002441,33.1411247253
384,34.2130012512,33.5093193054
385,33.7290000916,33.827507019
386,34.6949996948,34.1267738342
387,34.6150016785,34.3697929382
388,34.6150016785,34.5608940125
389,34.6949996948,35.1357002258
390,34.5349998474,36.2128410339
391,35.1790008545,36.4199523926
392,35.0979995728,35.5664329529
393,33.4879989624,31.4613952637
394,26.8869991302,26.5648174286
395,24.9549999237,25.2227230072
396,25.7600002289,25.2873001099
397,25.4379997253,26.0369434357
398,27.1280002594,27.3254547119
399,30.5900001526,29.2819080353
400,30.6700000763,32.0984382629
401,32.361000061,29.04936409
402,32.84400177,31.5739212036
403,33.0849990845,32.3032875061
404,31.3950004578,31.9675636292
405,31.9580001831,32.1026802063
406,32.2000007629,32.0222587585
407,32.361000061,32.006603241
408,32.2000007629,31.9912757874
409,32.2799987793,32.0139579773
410,33.3269996643,32.0743751526
411,33.7290000916,32.1857795715
412,32.763999939,32.341255188
413,34.3740005493,32.4909858704
414,34.2130012512,32.5428123474
415,34.3740005493,32.3990745544
416,34.0509986877,31.8203010559
417,33.7290000916,30.4402503967
418,30.5100002289,29.0018615723
419,30.0259990692,28.6392765045
420,29.5429992676,28.6640453339
421,29.6240005493,28.8377170563
422,28.4969997406,29.1317100525
423,28.8990001678,29.5653781891
424,28.8190002441,30.1073112488
425,28.7390003204,30.2185020447
426,28.658000946,30.0543632507
427,28.5769996643,29.7574615479
428,28.2549991608,29.1679496765
429,28.1749992371,28.4324989319
430,27.2889995575,27.5488491058
431,26.968000412,26.314289093
432,25.5990009308,25.8599357605
433,24.7940006256,25.1283550262
434,24.2299995422,24.0092926025
435,23.0230007172,22.7059898376
436,21.8159999847,21.4757728577
437,20.8500003815,20.789522171
438,21.0909996033,21.0758304596
439,21.9759998322,21.5956459045
440,22.7010002136,23.0775642395
441,22.7010002136,21.1971969604
442,22.6210002899,21.6103572845
443,21.9759998322,21.4817962646
444,21.7350006104,21.7324790955
445,21.170999527,20.1674575806
446,21.7350006104,20.5239105225
447,22.2989997864,20.3198242188
448,22.2989997864,20.2131614685
449,21.5739994049,19.9357833862
450,20.3659992218,19.8840942383
451,20.2049999237,19.5961151123
452,20.3659992218,19.3867797852
453,19.9640007019,19.0725650787
454,18.9169998169,18.7069778442
455,19.3199996948,18.3181724548
456,18.2740001678,17.9429607391
457,17.6289997101,17.6003818512
458,18.1930007935,17.3294944763
459,18.4340000153,17.2184238434
460,18.6760005951,17.25365448
461,18.5949993134,17.0510940552
462,18.3540000916,16.8084373474
463,17.6289997101,16.8846549988
464,19.2399997711,17.1245727539
465,18.9979991913,17.6580467224
466,17.9510002136,18.1714859009
467,19.6420001984,18.9228916168
468,19.8029994965,20.0250720978
469,21.9759998322,21.0680274963
470,22.9419994354,21.7183990479
471,22.4589996338,22.4074287415
472,22.9419994354,23.5193023682
473,24.0690002441,26.2881374359
474,25.920999527,29.6511955261
475,28.5769996643,31.4861221313
476,30.5100002289,32.5827484131
477,32.2000007629,33.1910057068
478,31.716999054,33.6161880493
479,33.2459983826,33.793888092
480,33.9710006714,31.3628883362
481,34.2130012512,33.7047424316
482,34.2130012512,34.254611969
483,34.8559989929,33.6427268982
484,34.9370002747,33.9576454163
485,35.0979995728,34.832195282
486,36.4659996033,36.196056366
487,37.5929985046,36.8582267761
488,37.5130004883,36.4439888
489,33.2459983826,33.2938957214
490,26.4839992523,27.472360611
491,23.5869998932,24.5518684387
492,24.5520000458,24.2434196472
493,25.6800003052,25.0014591217
494,26.0009994507,26.4973487854
495,28.3360004425,28.7261238098
496,30.107000351,29.9446163177
497,30.6700000763,30.9402656555
498,31.8780002594,31.4796333313
499,32.5219993591,31.6347694397
500,31.5559997559,31.5931587219
501,31.313999176,31.5569763184
502,32.0390014648,31.5654411316
503,32.5219993591,31.6116485596
504,32.2799987793,31.6951637268
505,32.0390014648,31.8245010376
506,31.7980003357,31.998878479
507,31.9580001831,32.1918106079
508,31.3950004578,32.3361587524
509,31.6359996796,32.3726081848
510,31.1529998779,32.2421302795
511,30.9930000305,31.7400169373
512,31.0729999542,30.4196128845
513,29.8649997711,28.7691173553
514,27.2089996338,28.1108360291
515,27.4510002136,27.9046382904
516,26.6459999084,27.8997383118
517,26.6459999084,28.0001316071
518,26.0009994507,28.194984436
519,27.2889995575,28.4119148254
520,27.9340000153,26.8762779236
521,28.2549991608,27.8372344971
522,28.9799995422,27.8172187805
523,29.2220001221,28.35115242
524,29.4629993439,28.1753196716
525,29.3020000458,28.412940979
526,28.0939998627,28.1242332458
527,28.2549991608,27.3977737427
528,27.3700008392,26.402130127
529,25.517999649,25.1994895935
530,25.1959991455,23.9834003448
531,23.9090003967,22.7216796875
532,21.8959999084,21.4432983398
533,20.4470005035,20.6364440918
534,21.2520008087,20.3780651093
535,21.5739994049,21.0201702118
536,21.4930000305,21.3837184906
537,22.1369991302,21.5579624176
538,22.5400009155,21.9888458252
539,21.3330001831,21.5961456299
540,21.5739994049,21.1364898682
541,21.4930000305,20.484375
542,20.6079998016,20.6948547363
543,22.3789997101,20.4344863892
544,21.8159999847,20.2628440857
545,20.8500003815,20.3819179535
546,21.0909996033,20.0618171692
547,21.170999527,19.6727428436
548,21.3330001831,19.436340332
549,20.2049999237,19.2334365845
550,19.2399997711,19.0254631042
551,19.3999996185,18.7757644653
552,19.5620002747,18.4720039368
553,18.9169998169,18.115814209
554,18.5949993134,17.7288017273
555,18.5149993896,17.3344078064
556,18.5949993134,17.0009231567
557,18.1119995117,16.9351062775
558,18.9169998169,17.0760765076
559,17.8710002899,16.94480896
