,true_data,pre_data
0,33.3269996643,28.422794342
1,34.2929992676,32.7680511475
2,33.6489982605,33.6165428162
3,34.6150016785,34.5043640137
4,35.2589988708,34.8837394714
5,36.547000885,35.7964172363
6,36.9500007629,37.2712287903
7,37.8349990845,36.375705719
8,37.6739997864,34.0609169006
9,34.7760009766,27.4762172699
10,27.2889995575,24.9270267487
11,25.4379997253,24.7981071472
12,25.3579998016,24.9455108643
13,25.5990009308,26.1467952728
14,28.0939998627,28.1046180725
15,28.9799995422,30.4976921082
16,31.0729999542,31.5314865112
17,30.5900001526,31.9692306519
18,32.0390014648,32.1228713989
19,31.2339992523,32.1204452515
20,31.6359996796,32.0772323608
21,32.4410018921,32.0382919312
22,30.9120006561,32.017162323
23,30.3479995728,32.0151786804
24,31.5559997559,32.0288963318
25,31.4759998322,32.0553741455
26,32.2000007629,32.0889511108
27,31.5559997559,32.1257019043
28,32.361000061,32.1590118408
29,32.9239997864,32.1840057373
30,33.2459983826,32.1893386841
31,32.763999939,32.1554107666
32,32.1189994812,32.0274887085
33,31.716999054,31.6660614014
34,27.6919994354,30.7523345947
35,25.517999649,29.1678676605
36,25.7600002289,28.1103057861
37,27.0480003357,28.0681152344
38,27.2089996338,28.236120224
39,27.6919994354,28.415555954
40,28.5769996643,28.2025241852
41,28.658000946,27.342092514
42,29.3819999695,27.5911598206
43,29.8649997711,28.0715312958
44,29.8649997711,27.7898178101
45,28.5769996643,27.583984375
46,28.1749992371,27.2458400726
47,27.3700008392,26.2783069611
48,26.8059997559,24.9828243256
49,25.0349998474,23.8373622894
50,24.7129993439,23.0577583313
51,23.5869998932,22.2018966675
52,23.0230007172,21.4392051697
53,21.6539993286,21.1967506409
54,19.5620002747,21.3337116241
55,22.1369991302,21.6266555786
56,21.4930000305,21.8980331421
57,22.7810001373,22.1739902496
58,22.6210002899,21.9456977844
59,22.7810001373,21.9610996246
60,22.4589996338,21.7859268188
61,20.2049999237,21.3776855469
62,20.4470005035,21.9162101746
63,19.8829994202,21.8322048187
64,20.125,21.6776733398
65,19.8829994202,21.4894790649
66,19.6420001984,21.2150249481
67,18.9169998169,20.9006252289
68,19.3199996948,20.5859413147
69,20.125,20.2521781921
70,18.6760005951,19.889913559
71,19.3199996948,19.5065422058
72,18.5149993896,19.1097717285
73,17.7910003662,18.7100296021
74,17.2269992828,18.3298301697
75,17.4689998627,18.0178794861
76,17.0659999847,17.8313617706
77,16.6630001068,17.6785869598
78,15.6979999542,17.5335350037
79,15.2950000763,17.4428596497
80,15.5360002518,22.2616443634
81,15.6169996262,17.8169822693
82,16.422000885,17.2574291229
83,17.3880004883,17.7087421417
84,17.6289997101,18.4361877441
85,18.7569999695,19.3165588379
86,20.0450000763,19.9800739288
87,21.3330001831,20.8872756958
88,21.5739994049,21.947435379
89,22.218000412,23.5672111511
90,25.2770004272,26.1827812195
91,28.3360004425,28.821603775
92,30.6700000763,30.4501037598
93,31.7980003357,31.6644477844
94,32.361000061,32.0648345947
95,32.84400177,32.3634300232
96,32.6030006409,32.7276687622
97,32.6030006409,33.003364563
98,32.9239997864,33.2702255249
99,34.0509986877,33.5578842163
100,34.3740005493,33.869140625
101,33.6489982605,34.2667274475
102,35.1790008545,35.171043396
103,36.063999176,35.7657775879
104,35.7420005798,34.2576828003
105,33.8100013733,29.6628036499
106,26.5650005341,25.2824611664
107,24.4720001221,24.2600669861
108,24.1499996185,24.2194423676
109,24.875,24.8763771057
110,26.0820007324,26.1529464722
111,28.1749992371,28.1457233429
112,28.9799995422,29.8670406342
113,30.3479995728,30.3280220032
114,30.9930000305,30.5231018066
115,30.9120006561,30.4417304993
116,31.0729999542,30.2758483887
117,29.8649997711,30.1053123474
118,30.4290008545,29.9742698669
119,30.5100002289,29.8848609924
120,31.0729999542,29.5554523468
121,30.5100002289,29.8109397888
122,32.1189994812,30.3031539917
123,31.2339992523,29.963306427
124,30.9120006561,30.2077293396
125,30.9120006561,29.9629440308
126,32.0390014648,29.7141304016
127,30.267999649,29.4397220612
128,30.0259990692,29.0638561249
129,29.4629993439,28.487247467
130,26.2430000305,27.5666999817
131,25.5990009308,26.3914871216
132,26.6459999084,25.7282485962
133,27.2889995575,25.8138656616
134,26.4039993286,26.0280361176
135,27.1280002594,26.3538856506
136,28.5769996643,26.8961639404
137,28.4969997406,27.3512363434
138,28.8190002441,27.1713218689
139,28.8990001678,26.3433704376
140,28.9799995422,25.2618236542
141,27.8530006409,24.7369117737
142,27.3700008392,24.0735626221
143,26.5650005341,22.9033203125
144,25.6800003052,22.1458740234
145,24.311000824,21.4792404175
146,23.263999939,20.6652469635
147,23.263999939,20.1567001343
148,21.8159999847,20.020324707
149,20.4470005035,20.1133537292
150,18.9979991913,20.2621612549
151,20.6879997253,20.3909072876
152,20.6879997253,20.4569034576
153,21.0100002289,20.4710350037
154,20.9300003052,20.2968826294
155,19.8829994202,20.3979568481
156,20.0450000763,20.3882884979
157,19.1590003967,20.1933078766
158,19.3999996185,20.5938167572
159,18.5149993896,20.1818084717
160,19.4810009003,18.5732383728
161,18.9169998169,20.8409442902
162,19.1590003967,20.601184845
163,18.8369998932,20.4933357239
164,18.3540000916,20.2051315308
165,17.8710002899,19.9578704834
166,18.2740001678,19.6809902191
167,18.8369998932,19.39585495
168,17.3880004883,19.0828132629
169,16.7439994812,18.7450065613
170,17.0659999847,18.3926353455
171,16.986000061,18.0448379517
172,16.6630001068,17.7501678467
173,16.1809997559,17.5805397034
174,16.8239994049,17.4924583435
175,16.3409996033,17.3369636536
176,17.2269992828,17.2289619446
177,16.6630001068,17.1733131409
178,17.7099990845,17.3678741455
179,17.5489997864,17.7115097046
180,18.7569999695,18.1480102539
181,19.2399997711,18.8485603333
182,20.0450000763,19.4258899689
183,20.125,20.3144645691
184,20.2859992981,21.6837234497
185,20.6079998016,22.9942207336
186,23.5869998932,25.2690906525
187,26.6459999084,27.6129894257
188,27.2889995575,29.8082103729
189,28.658000946,31.3230895996
190,29.1410007477,32.0513381958
191,29.7049999237,32.4707336426
192,30.107000351,32.6864776611
193,30.5900001526,32.9153823853
194,30.4290008545,33.1692199707
195,31.313999176,33.4142875671
196,32.2000007629,33.6559829712
197,31.7980003357,33.9318771362
198,33.4879989624,34.5208816528
199,33.3269996643,35.2440795898
200,33.1660003662,29.586107254
201,31.5559997559,31.8835716248
202,25.2770004272,30.4991836548
203,22.5400009155,28.6512489319
204,22.6210002899,25.0123977661
205,23.4249992371,24.6611328125
206,23.0230007172,26.1842880249
207,25.1959991455,28.0566902161
208,26.4039993286,29.4638767242
209,28.1749992371,29.6713981628
210,28.658000946,29.8229885101
211,28.2549991608,29.9136066437
212,29.1410007477,29.9060382843
213,28.4169998169,29.8480987549
214,28.5769996643,29.7689113617
215,28.013999939,29.6897964478
216,28.4169998169,29.6141338348
217,27.8530006409,29.5422496796
218,28.658000946,29.4678936005
219,28.9799995422,29.3879756927
220,29.7849998474,29.2937831879
221,29.3819999695,29.1764011383
222,29.2220001221,29.012336731
223,29.0599994659,28.7764625549
224,29.3020000458,28.4685916901
225,28.4969997406,28.1624774933
226,26.0009994507,27.8463230133
227,24.7940006256,27.1448554993
228,25.5990009308,25.9140605927
229,24.3920001984,25.5726718903
230,23.7469997406,25.897808075
231,24.311000824,26.0724964142
232,25.0349998474,26.2692623138
233,25.2770004272,26.6836605072
234,26.3229999542,27.2486171722
235,26.0009994507,27.4212932587
236,26.4039993286,27.0323295593
237,25.3579998016,26.0834636688
238,24.7129993439,25.0442008972
239,23.827999115,24.6200885773
240,22.8619995117,25.761838913
241,21.8159999847,23.6154174805
242,21.2520008087,22.3988265991
243,20.6079998016,21.9359531403
244,19.8829994202,20.9931545258
245,18.8369998932,20.6694126129
246,17.7910003662,20.3534011841
247,18.2740001678,20.250705719
248,19.6420001984,20.1725597382
249,19.5620002747,20.1864204407
250,19.1590003967,20.2760982513
251,19.3999996185,19.5774230957
252,18.4340000153,19.2321014404
253,18.4340000153,18.8855514526
254,18.5149993896,18.8220729828
255,18.2740001678,18.8039569855
256,17.3880004883,18.5957946777
257,17.1459999084,18.3965263367
258,16.7439994812,18.1502799988
259,16.6630001068,17.8233680725
260,17.0659999847,17.4712142944
261,17.3069992065,17.1217365265
262,18.1119995117,16.7835121155
263,17.4689998627,16.4468898773
264,17.0659999847,16.0991096497
265,16.1809997559,15.753235817
266,16.422000885,15.4481210709
267,14.8120002747,15.2313299179
268,15.4560003281,15.1459131241
269,14.9729995728,15.1570768356
270,15.4560003281,15.127453804
271,15.1339998245,15.1364145279
272,15.6169996262,15.3672819138
273,15.7779998779,15.6520299911
274,15.6979999542,15.9155759811
275,17.4689998627,16.574174881
276,18.3540000916,17.4481201172
277,20.2049999237,18.2611751556
278,20.6079998016,19.211605072
279,20.3659992218,20.0759658813
280,20.6879997253,25.3161697388
281,21.3330001831,24.1777992249
282,25.4379997253,27.6382637024
283,29.1410007477,29.7899799347
284,29.7849998474,31.5642433167
285,31.8780002594,32.8004951477
286,33.1660003662,33.2442703247
287,32.84400177,33.5467758179
288,32.9239997864,33.7921905518
289,34.7760009766,33.7174682617
290,34.5349998474,33.9558181763
291,36.1450004578,34.191078186
292,36.3860015869,34.3497848511
293,37.0299987793,34.7995300293
294,37.2709999084,35.8929901123
295,38.1570014954,35.9214630127
296,39.4449996948,33.3664093018
297,36.6269989014,27.3615112305
298,29.7849998474,24.9141788483
299,26.7259998322,24.6197738647
300,26.7259998322,24.9271831512
301,28.3360004425,26.0921268463
302,28.5769996643,28.1683425903
303,31.6359996796,30.4101066589
304,32.2000007629,31.3984451294
305,32.763999939,31.9016418457
306,34.9370002747,32.052947998
307,34.4539985657,32.041229248
308,34.0509986877,31.9882965088
309,34.0509986877,31.9506340027
310,34.0509986877,31.9349861145
311,33.6489982605,31.9383010864
312,33.9710006714,31.954864502
313,34.0509986877,31.9816741943
314,34.3740005493,32.0140457153
315,35.4199981689,32.0503234863
316,34.9370002747,32.0874710083
317,35.016998291,32.1262664795
318,35.5,32.1651115417
319,34.6150016785,32.204498291
320,34.5349998474,29.2387714386
321,33.408000946,29.565071106
322,31.4759998322,30.0864486694
323,30.8309993744,29.8656864166
324,30.5100002289,29.8914241791
325,30.9120006561,29.3496665955
326,30.4290008545,28.6970825195
327,28.9799995422,28.4876308441
328,30.3479995728,28.8190040588
329,29.0599994659,29.2126064301
330,29.9459991455,29.2218322754
331,29.7049999237,28.8712501526
332,29.7849998474,28.0999412537
333,28.7390003204,27.1818199158
334,27.611000061,26.388381958
335,27.611000061,25.1950416565
336,26.0009994507,24.0548477173
337,25.3579998016,23.4254417419
338,24.9549999237,22.5820541382
339,23.5060005188,21.604013443
340,21.4130001068,21.1297016144
341,21.2520008087,21.1598625183
342,20.125,21.5061988831
343,21.4130001068,21.7550888062
344,20.7689990997,21.973690033
345,23.0230007172,22.1900501251
346,22.3789997101,21.4919891357
347,21.6539993286,21.4534244537
348,21.2520008087,20.9864807129
349,21.4930000305,20.4813518524
350,21.7350006104,20.713684082
351,21.4130001068,20.4556808472
352,20.6879997253,20.2850799561
353,20.4470005035,20.186832428
354,20.6879997253,20.0130710602
355,20.2049999237,19.7277145386
356,20.4470005035,19.3770084381
357,19.3199996948,19.0178947449
358,19.8829994202,18.6552429199
359,18.9979991913,18.2918586731
360,19.079000473,19.7064704895
361,19.079000473,17.7379951477
362,19.079000473,17.3895511627
363,18.031999588,17.2554988861
364,18.2740001678,16.9668560028
365,18.1930007935,16.7064590454
366,18.2740001678,16.5658569336
367,18.031999588,16.6015148163
368,18.4340000153,16.6697711945
369,17.9510002136,16.8254413605
370,19.079000473,17.2072734833
371,19.8829994202,17.6909313202
372,19.8829994202,18.1958885193
373,21.4930000305,19.1122913361
374,21.8959999084,20.3061981201
375,21.9759998322,21.1340770721
376,22.5400009155,21.986114502
377,23.263999939,23.4127388
378,25.5990009308,25.8867912292
379,28.9799995422,28.8707065582
380,30.9930000305,30.4148368835
381,32.2799987793,32.2094345093
382,32.9239997864,32.9486503601
383,33.5690002441,33.4496994019
384,34.2130012512,33.7663879395
385,33.7290000916,34.0243148804
386,34.6949996948,34.2932777405
387,34.6150016785,34.4739151001
388,34.6150016785,34.6159210205
389,34.6949996948,35.1238594055
390,34.5349998474,36.153503418
391,35.1790008545,36.1573104858
392,35.0979995728,34.551322937
393,33.4879989624,29.4924945831
394,26.8869991302,25.5173950195
395,24.9549999237,24.6805839539
396,25.7600002289,24.9361515045
397,25.4379997253,25.9715270996
398,27.1280002594,27.7142009735
399,30.5900001526,30.059928894
400,30.6700000763,30.5502967834
401,32.361000061,31.7033843994
402,32.84400177,30.5189437866
403,33.0849990845,30.9265975952
404,31.3950004578,31.8811759949
405,31.9580001831,32.1153717041
406,32.2000007629,32.1680030823
407,32.361000061,32.2299957275
408,32.2000007629,32.2888145447
409,32.2799987793,32.3317222595
410,33.3269996643,32.3609237671
411,33.7290000916,32.3811912537
412,32.763999939,32.3939971924
413,34.3740005493,32.3988494873
414,34.2130012512,32.3838653564
415,34.3740005493,32.320350647
416,34.0509986877,32.1337280273
417,33.7290000916,31.6569366455
418,30.5100002289,30.6252288818
419,30.0259990692,29.2303562164
420,29.5429992676,28.4920787811
421,29.6240005493,28.4431304932
422,28.4969997406,28.5907440186
423,28.8990001678,28.7850341797
424,28.8190002441,28.9608764648
425,28.7390003204,29.2576446533
426,28.658000946,29.6921863556
427,28.5769996643,29.79429245
428,28.2549991608,29.3055534363
429,28.1749992371,28.4320640564
430,27.2889995575,27.5699691772
431,26.968000412,26.5879020691
432,25.5990009308,25.2644271851
433,24.7940006256,24.5868968964
434,24.2299995422,24.1689910889
435,23.0230007172,23.4643707275
436,21.8159999847,22.5464706421
437,20.8500003815,21.8454971313
438,21.0909996033,21.5660247803
439,21.9759998322,21.7045192719
440,22.7010002136,25.9345874786
441,22.7010002136,21.9332351685
442,22.6210002899,22.9975414276
443,21.9759998322,23.1670265198
444,21.7350006104,21.8051071167
445,21.170999527,19.7622489929
446,21.7350006104,20.4221992493
447,22.2989997864,20.6361980438
448,22.2989997864,20.5550727844
449,21.5739994049,20.4587211609
450,20.3659992218,20.2714309692
451,20.2049999237,20.0812644958
452,20.3659992218,19.7970619202
453,19.9640007019,19.4295864105
454,18.9169998169,19.023765564
455,19.3199996948,18.6153755188
456,18.2740001678,18.2284317017
457,17.6289997101,17.8810348511
458,18.1930007935,17.5945930481
459,18.4340000153,17.4008426666
460,18.6760005951,17.3038864136
461,18.5949993134,17.1792087555
462,18.3540000916,17.0225696564
463,17.6289997101,16.9290332794
464,19.2399997711,16.9021949768
465,18.9979991913,17.0554599762
466,17.9510002136,17.6110076904
467,19.6420001984,18.1379642487
468,19.8029994965,18.8962059021
469,21.9759998322,19.714389801
470,22.9419994354,20.7567710876
471,22.4589996338,21.7166366577
472,22.9419994354,22.5379981995
473,24.0690002441,23.9244480133
474,25.920999527,26.9546318054
475,28.5769996643,29.4948139191
476,30.5100002289,31.294631958
477,32.2000007629,32.3396224976
478,31.716999054,32.8507080078
479,33.2459983826,33.1912231445
480,33.9710006714,28.3791065216
481,34.2130012512,32.7745819092
482,34.2130012512,33.5346450806
483,34.8559989929,34.44713974
484,34.9370002747,34.7846488953
485,35.0979995728,35.775642395
486,36.4659996033,37.1374053955
487,37.5929985046,36.2027511597
488,37.5130004883,33.8242263794
489,33.2459983826,27.1381072998
490,26.4839992523,24.7318992615
491,23.5869998932,24.59333992
492,24.5520000458,24.8436088562
493,25.6800003052,26.0694236755
494,26.0009994507,27.9817504883
495,28.3360004425,30.3479537964
496,30.107000351,31.3877716064
497,30.6700000763,31.8755340576
498,31.8780002594,32.0388069153
499,32.5219993591,32.0302238464
500,31.5559997559,31.9773025513
501,31.313999176,31.9302062988
502,32.0390014648,31.9012756348
503,32.5219993591,31.8914833069
504,32.2799987793,31.8968887329
505,32.0390014648,31.913269043
506,31.7980003357,31.9327468872
507,31.9580001831,31.949836731
508,31.3950004578,31.9579467773
509,31.6359996796,31.9530792236
510,31.1529998779,31.9229240417
511,30.9930000305,31.8386726379
512,31.0729999542,31.6106643677
513,29.8649997711,31.0076522827
514,27.2089996338,29.687828064
515,27.4510002136,28.1665210724
516,26.6459999084,27.6621856689
517,26.6459999084,27.7606887817
518,26.0009994507,27.9772605896
519,27.2889995575,28.1568279266
520,27.9340000153,27.86510849
521,28.2549991608,27.1639041901
522,28.9799995422,27.3885154724
523,29.2220001221,27.9037265778
524,29.4629993439,27.6265602112
525,29.3020000458,27.4921092987
526,28.0939998627,27.196931839
527,28.2549991608,26.2960128784
528,27.3700008392,25.0779685974
529,25.517999649,23.9197845459
530,25.1959991455,23.1002693176
531,23.9090003967,22.2738418579
532,21.8959999084,21.4034194946
533,20.4470005035,21.0451431274
534,21.2520008087,21.1197757721
535,21.5739994049,21.4007225037
536,21.4930000305,21.6322517395
537,22.1369991302,21.8425235748
538,22.5400009155,21.4514713287
539,21.3330001831,21.4817409515
540,21.5739994049,20.9805259705
541,21.4930000305,20.7006416321
542,20.6079998016,20.9831485748
543,22.3789997101,20.5829086304
544,21.8159999847,20.4650096893
545,20.8500003815,20.3732032776
546,21.0909996033,20.1958675385
547,21.170999527,19.9274730682
548,21.3330001831,19.6172637939
549,20.2049999237,19.2926368713
550,19.2399997711,18.9519519806
551,19.3999996185,18.5980834961
552,19.5620002747,18.2324390411
553,18.9169998169,17.8630142212
554,18.5949993134,17.5202713013
555,18.5149993896,17.2687339783
556,18.5949993134,17.1414108276
557,18.1119995117,16.9991989136
558,18.9169998169,16.9374485016
559,17.8710002899,16.9376163483
