,true_data,pre_data
0,33.3269996643,29.6799583435
1,34.2929992676,35.0083847046
2,33.6489982605,34.9048233032
3,34.6150016785,34.6975440979
4,35.2589988708,34.4354515076
5,36.547000885,34.9945640564
6,36.9500007629,36.4808654785
7,37.8349990845,37.1006507874
8,37.6739997864,36.5335502625
9,34.7760009766,33.7392082214
10,27.2889995575,27.2165489197
11,25.4379997253,24.8791542053
12,25.3579998016,24.71342659
13,25.5990009308,25.273859024
14,28.0939998627,26.5838432312
15,28.9799995422,28.9437789917
16,31.0729999542,30.8588218689
17,30.5900001526,31.656211853
18,32.0390014648,31.9785346985
19,31.2339992523,31.9828147888
20,31.6359996796,31.9593696594
21,32.4410018921,31.9388237
22,30.9120006561,31.9357261658
23,30.3479995728,31.9528388977
24,31.5559997559,31.9957923889
25,31.4759998322,32.0704612732
26,32.2000007629,32.178188324
27,31.5559997559,32.3158302307
28,32.361000061,32.4642906189
29,32.9239997864,32.5834236145
30,33.2459983826,32.5852127075
31,32.763999939,32.2758216858
32,32.1189994812,31.2739906311
33,31.716999054,29.7163524628
34,27.6919994354,28.8358535767
35,25.517999649,28.5845069885
36,25.7600002289,28.6460990906
37,27.0480003357,28.8677253723
38,27.2089996338,29.116235733
39,27.6919994354,29.5033092499
40,28.5769996643,27.5947952271
41,28.658000946,29.7058944702
42,29.3819999695,29.0293083191
43,29.8649997711,28.9483356476
44,29.8649997711,28.3637695312
45,28.5769996643,28.3586997986
46,28.1749992371,28.3086280823
47,27.3700008392,27.7678279877
48,26.8059997559,26.736415863
49,25.0349998474,25.4708633423
50,24.7129993439,24.2995910645
51,23.5869998932,23.4385452271
52,23.0230007172,22.5723056793
53,21.6539993286,21.7522029877
54,19.5620002747,21.4085655212
55,22.1369991302,21.4631309509
56,21.4930000305,21.8497009277
57,22.7810001373,22.1938972473
58,22.6210002899,22.465171814
59,22.7810001373,22.4003620148
60,22.4589996338,22.1316776276
61,20.2049999237,21.3979682922
62,20.4470005035,21.6950073242
63,19.8829994202,21.6504325867
64,20.125,21.3981761932
65,19.8829994202,21.3457298279
66,19.6420001984,21.1274223328
67,18.9169998169,20.8373336792
68,19.3199996948,20.5892524719
69,20.125,20.325006485
70,18.6760005951,20.0110244751
71,19.3199996948,19.6512947083
72,18.5149993896,19.253818512
73,17.7910003662,18.832660675
74,17.2269992828,18.4120903015
75,17.4689998627,18.0305938721
76,17.0659999847,17.7828655243
77,16.6630001068,17.7851371765
78,15.6979999542,17.753578186
79,15.2950000763,17.5841464996
80,15.5360002518,20.2474098206
81,15.6169996262,17.9075584412
82,16.422000885,17.2117214203
83,17.3880004883,17.6677474976
84,17.6289997101,18.4750595093
85,18.7569999695,19.3287353516
86,20.0450000763,20.3358078003
87,21.3330001831,21.3483352661
88,21.5739994049,22.2575683594
89,22.218000412,24.1380615234
90,25.2770004272,27.4151210785
91,28.3360004425,29.710319519
92,30.6700000763,31.398109436
93,31.7980003357,31.7357292175
94,32.361000061,32.0772590637
95,32.84400177,32.2953071594
96,32.6030006409,32.4720687866
97,32.6030006409,32.6867332458
98,32.9239997864,32.8893013
99,34.0509986877,32.9718971252
100,34.3740005493,33.1144447327
101,33.6489982605,33.8286209106
102,35.1790008545,34.6766929626
103,36.063999176,34.0544128418
104,35.7420005798,30.7482414246
105,33.8100013733,24.6510276794
106,26.5650005341,22.0390720367
107,24.4720001221,21.5130691528
108,24.1499996185,21.929813385
109,24.875,22.9025001526
110,26.0820007324,24.9489555359
111,28.1749992371,26.5898571014
112,28.9799995422,26.956205368
113,30.3479995728,27.1884708405
114,30.9930000305,27.2214260101
115,30.9120006561,27.1685352325
116,31.0729999542,27.1083164215
117,29.8649997711,27.0799694061
118,30.4290008545,27.0694847107
119,30.5100002289,27.0715827942
120,31.0729999542,30.9396095276
121,30.5100002289,30.9525108337
122,32.1189994812,30.8101081848
123,31.2339992523,30.2352409363
124,30.9120006561,30.1520423889
125,30.9120006561,29.6935558319
126,32.0390014648,29.3809356689
127,30.267999649,29.1604690552
128,30.0259990692,28.983373642
129,29.4629993439,28.7070217133
130,26.2430000305,28.143157959
131,25.5990009308,27.1744766235
132,26.6459999084,26.2929382324
133,27.2889995575,26.1165981293
134,26.4039993286,26.2992935181
135,27.1280002594,26.8569145203
136,28.5769996643,27.5567703247
137,28.4969997406,27.7275753021
138,28.8190002441,27.5845069885
139,28.8990001678,27.2619094849
140,28.9799995422,26.5444927216
141,27.8530006409,25.7625293732
142,27.3700008392,25.297170639
143,26.5650005341,24.2860183716
144,25.6800003052,22.9844818115
145,24.311000824,22.4769058228
146,23.263999939,21.6267051697
147,23.263999939,20.5373134613
148,21.8159999847,20.1339588165
149,20.4470005035,20.1065597534
150,18.9979991913,20.2349205017
151,20.6879997253,20.381772995
152,20.6879997253,20.495174408
153,21.0100002289,20.6032009125
154,20.9300003052,20.6145591736
155,19.8829994202,21.1887226105
156,20.0450000763,21.0319690704
157,19.1590003967,20.3856811523
158,19.3999996185,20.419303894
159,18.5149993896,20.5505027771
160,19.4810009003,18.8210315704
161,18.9169998169,21.2989730835
162,19.1590003967,20.9685115814
163,18.8369998932,20.3460998535
164,18.3540000916,20.0577659607
165,17.8710002899,19.6607131958
166,18.2740001678,19.2971172333
167,18.8369998932,18.9199542999
168,17.3880004883,18.5339298248
169,16.7439994812,18.1466751099
170,17.0659999847,17.80509758
171,16.986000061,17.6041736603
172,16.6630001068,17.5458564758
173,16.1809997559,17.3658161163
174,16.8239994049,17.2566108704
175,16.3409996033,17.2887191772
176,17.2269992828,17.4317321777
177,16.6630001068,17.7483062744
178,17.7099990845,18.0334854126
179,17.5489997864,18.6324443817
180,18.7569999695,19.2974662781
181,19.2399997711,20.1719112396
182,20.0450000763,21.5005226135
183,20.125,23.102596283
184,20.2859992981,25.047618866
185,20.6079998016,27.311674118
186,23.5869998932,29.7109375
187,26.6459999084,30.9497108459
188,27.2889995575,31.6048469543
189,28.658000946,32.033039093
190,29.1410007477,32.322353363
191,29.7049999237,32.7049255371
192,30.107000351,33.0751533508
193,30.5900001526,33.3450737
194,30.4290008545,33.5031089783
195,31.313999176,33.6631774902
196,32.2000007629,34.2659721375
197,31.7980003357,35.4235954285
198,33.4879989624,35.395488739
199,33.3269996643,33.4516334534
200,33.1660003662,31.9089622498
201,31.5559997559,32.5442237854
202,25.2770004272,31.7450675964
203,22.5400009155,29.5289573669
204,22.6210002899,23.6702480316
205,23.4249992371,23.5222015381
206,23.0230007172,24.5813903809
207,25.1959991455,25.449546814
208,26.4039993286,27.6779499054
209,28.1749992371,29.4241485596
210,28.658000946,29.5700111389
211,28.2549991608,29.7794494629
212,29.1410007477,29.9241466522
213,28.4169998169,30.00573349
214,28.5769996643,30.0081138611
215,28.013999939,29.9810562134
216,28.4169998169,29.9485664368
217,27.8530006409,29.9219093323
218,28.658000946,29.8983612061
219,28.9799995422,29.8808784485
220,29.7849998474,29.8658905029
221,29.3819999695,29.8535137177
222,29.2220001221,29.8342857361
223,29.0599994659,29.8016014099
224,29.3020000458,29.7368125916
225,28.4969997406,29.6141433716
226,26.0009994507,29.3581733704
227,24.7940006256,28.7751522064
228,25.5990009308,27.5381069183
229,24.3920001984,26.1985569
230,23.7469997406,26.0591754913
231,24.311000824,26.4227924347
232,25.0349998474,27.087890625
233,25.2770004272,27.6937961578
234,26.3229999542,27.7355232239
235,26.0009994507,27.6106834412
236,26.4039993286,27.4891815186
237,25.3579998016,27.1313266754
238,24.7129993439,26.3411808014
239,23.827999115,25.577419281
240,22.8619995117,24.4933700562
241,21.8159999847,25.3167037964
242,21.2520008087,24.0288333893
243,20.6079998016,22.2987213135
244,19.8829994202,20.6647872925
245,18.8369998932,20.2304706573
246,17.7910003662,20.148475647
247,18.2740001678,20.2329769135
248,19.6420001984,20.2283859253
249,19.5620002747,20.2640018463
250,19.1590003967,20.3396816254
251,19.3999996185,19.6988258362
252,18.4340000153,19.2559623718
253,18.4340000153,18.8840942383
254,18.5149993896,18.9638442993
255,18.2740001678,18.8703022003
256,17.3880004883,18.5900268555
257,17.1459999084,18.4295539856
258,16.7439994812,18.1948451996
259,16.6630001068,17.8705940247
260,17.0659999847,17.5215454102
261,17.3069992065,17.2027854919
262,18.1119995117,16.8976020813
263,17.4689998627,16.5731372833
264,17.0659999847,16.2213439941
265,16.1809997559,15.8689851761
266,16.422000885,15.5635442734
267,14.8120002747,15.4174127579
268,15.4560003281,15.4798460007
269,14.9729995728,15.5123662949
270,15.4560003281,15.4732980728
271,15.1339998245,15.5231084824
272,15.6169996262,15.6728105545
273,15.7779998779,16.0165367126
274,15.6979999542,16.4756813049
275,17.4689998627,17.3307800293
276,18.3540000916,18.00182724
277,20.2049999237,18.9534015656
278,20.6079998016,19.824344635
279,20.3659992218,20.4788742065
280,20.6879997253,24.1710205078
281,21.3330001831,23.8810539246
282,25.4379997253,25.0282592773
283,29.1410007477,28.2082252502
284,29.7849998474,30.9372520447
285,31.8780002594,32.2625999451
286,33.1660003662,32.8406715393
287,32.84400177,33.3706321716
288,32.9239997864,33.7079238892
289,34.7760009766,33.8086585999
290,34.5349998474,33.8760185242
291,36.1450004578,34.2162628174
292,36.3860015869,34.2542991638
293,37.0299987793,34.7803688049
294,37.2709999084,35.9760169983
295,38.1570014954,36.2120246887
296,39.4449996948,34.9109382629
297,36.6269989014,30.0939178467
298,29.7849998474,25.2640228271
299,26.7259998322,24.805103302
300,26.7259998322,24.8711357117
301,28.3360004425,25.6135749817
302,28.5769996643,27.3478469849
303,31.6359996796,29.5139331818
304,32.2000007629,30.7221717834
305,32.763999939,31.4166679382
306,34.9370002747,31.6622428894
307,34.4539985657,31.6992607117
308,34.0509986877,31.7256011963
309,34.0509986877,31.7661323547
310,34.0509986877,31.7926216125
311,33.6489982605,31.809299469
312,33.9710006714,31.8242149353
313,34.0509986877,31.8492202759
314,34.3740005493,31.8920860291
315,35.4199981689,31.9611701965
316,34.9370002747,32.0571708679
317,35.016998291,32.1753425598
318,35.5,32.2939491272
319,34.6150016785,32.3699607849
320,34.5349998474,29.5937843323
321,33.408000946,31.7482414246
322,31.4759998322,30.5507240295
323,30.8309993744,30.0190067291
324,30.5100002289,29.7128753662
325,30.9120006561,28.9743537903
326,30.4290008545,28.6142616272
327,28.9799995422,29.0156860352
328,30.3479995728,29.4252300262
329,29.0599994659,29.4753437042
330,29.9459991455,29.4764728546
331,29.7049999237,29.4574947357
332,29.7849998474,29.206697464
333,28.7390003204,28.5968780518
334,27.611000061,27.9045372009
335,27.611000061,27.3027095795
336,26.0009994507,26.1990585327
337,25.3579998016,24.9095611572
338,24.9549999237,24.1403045654
339,23.5060005188,23.423116684
340,21.4130001068,22.4444313049
341,21.2520008087,21.5676136017
342,20.125,21.2310619354
343,21.4130001068,21.2731628418
344,20.7689990997,21.5851402283
345,23.0230007172,21.8995323181
346,22.3789997101,21.6417045593
347,21.6539993286,21.520401001
348,21.2520008087,21.1443500519
349,21.4930000305,20.491268158
350,21.7350006104,20.4629497528
351,21.4130001068,20.4485321045
352,20.6879997253,20.0102214813
353,20.4470005035,19.9852905273
354,20.6879997253,19.9435691833
355,20.2049999237,19.8066234589
356,20.4470005035,19.4912891388
357,19.3199996948,19.1399440765
358,19.8829994202,18.8080940247
359,18.9979991913,18.4808807373
360,19.079000473,18.8357429504
361,19.079000473,18.3122196198
362,19.079000473,17.4105377197
363,18.031999588,17.290725708
364,18.2740001678,16.8585739136
365,18.1930007935,16.6635074615
366,18.2740001678,16.6102657318
367,18.031999588,16.7009048462
368,18.4340000153,16.8346633911
369,17.9510002136,17.1940574646
370,19.079000473,17.7576904297
371,19.8829994202,18.2548332214
372,19.8829994202,19.0417385101
373,21.4930000305,20.1669960022
374,21.8959999084,21.0574359894
375,21.9759998322,21.9975013733
376,22.5400009155,23.4009475708
377,23.263999939,25.1866874695
378,25.5990009308,27.7781543732
379,28.9799995422,29.8818702698
380,30.9930000305,31.6565513611
381,32.2799987793,32.6764907837
382,32.9239997864,33.1988983154
383,33.5690002441,33.5542640686
384,34.2130012512,33.8094100952
385,33.7290000916,33.9754600525
386,34.6949996948,34.0759086609
387,34.6150016785,34.1948432922
388,34.6150016785,34.5003623962
389,34.6949996948,35.5159873962
390,34.5349998474,36.2838859558
391,35.1790008545,35.8830375671
392,35.0979995728,33.4928665161
393,33.4879989624,27.4433727264
394,26.8869991302,25.0190925598
395,24.9549999237,24.944770813
396,25.7600002289,25.3260402679
397,25.4379997253,26.7835922241
398,27.1280002594,28.9080963135
399,30.5900001526,30.470123291
400,30.6700000763,32.2338562012
401,32.361000061,31.7253189087
402,32.84400177,30.1447639465
403,33.0849990845,32.1558876038
404,31.3950004578,32.373085022
405,31.9580001831,32.4313087463
406,32.2000007629,32.4226112366
407,32.361000061,32.4086151123
408,32.2000007629,32.4166297913
409,32.2799987793,32.425075531
410,33.3269996643,32.4445152283
411,33.7290000916,32.4786186218
412,32.763999939,32.5277099609
413,34.3740005493,32.585395813
414,34.2130012512,32.6209449768
415,34.3740005493,32.5554656982
416,34.0509986877,32.2004127502
417,33.7290000916,31.2221946716
418,30.5100002289,29.7089176178
419,30.0259990692,28.8344898224
420,29.5429992676,28.6760787964
421,29.6240005493,28.7777233124
422,28.4969997406,29.039056778
423,28.8990001678,29.4924430847
424,28.8190002441,30.0027084351
425,28.7390003204,30.1148605347
426,28.658000946,29.8832702637
427,28.5769996643,29.3226890564
428,28.2549991608,28.5623970032
429,28.1749992371,28.0439987183
430,27.2889995575,27.2443256378
431,26.968000412,25.8747406006
432,25.5990009308,25.0024585724
433,24.7940006256,24.3315811157
434,24.2299995422,23.5128307343
435,23.0230007172,22.4972610474
436,21.8159999847,21.7313461304
437,20.8500003815,21.4125671387
438,21.0909996033,21.6081352234
439,21.9759998322,21.99741745
440,22.7010002136,23.7355918884
441,22.7010002136,22.6349754333
442,22.6210002899,22.9738101959
443,21.9759998322,22.4002532959
444,21.7350006104,21.8848972321
445,21.170999527,20.3402290344
446,21.7350006104,20.8463516235
447,22.2989997864,20.8668823242
448,22.2989997864,20.8700523376
449,21.5739994049,20.4631900787
450,20.3659992218,20.2183799744
451,20.2049999237,20.0207214355
452,20.3659992218,19.7345581055
453,19.9640007019,19.3976860046
454,18.9169998169,19.022895813
455,19.3199996948,18.6368789673
456,18.2740001678,18.2616081238
457,17.6289997101,17.9215164185
458,18.1930007935,17.6528377533
459,18.4340000153,17.5134925842
460,18.6760005951,17.4538021088
461,18.5949993134,17.2422065735
462,18.3540000916,17.02110672
463,17.6289997101,16.9705066681
464,19.2399997711,17.063501358
465,18.9979991913,17.4594612122
466,17.9510002136,18.0378417969
467,19.6420001984,18.6996955872
468,19.8029994965,19.6026725769
469,21.9759998322,20.5432300568
470,22.9419994354,21.5794715881
471,22.4589996338,22.5729522705
472,22.9419994354,23.5154819489
473,24.0690002441,25.7225990295
474,25.920999527,28.5339126587
475,28.5769996643,31.1071281433
476,30.5100002289,32.1740264893
477,32.2000007629,32.8542366028
478,31.716999054,33.3639564514
479,33.2459983826,33.6566505432
480,33.9710006714,29.7143211365
481,34.2130012512,35.0428581238
482,34.2130012512,34.8165054321
483,34.8559989929,34.5579032898
484,34.9370002747,34.3078689575
485,35.0979995728,34.9113121033
486,36.4659996033,36.4869270325
487,37.5929985046,36.85597229
488,37.5130004883,36.4839935303
489,33.2459983826,33.5470046997
490,26.4839992523,27.1004505157
491,23.5869998932,24.6318511963
492,24.5520000458,24.4188938141
493,25.6800003052,25.0467281342
494,26.0009994507,26.3969478607
495,28.3360004425,28.7334632874
496,30.107000351,30.6672019958
497,30.6700000763,31.4836845398
498,31.8780002594,31.8283042908
499,32.5219993591,31.8628807068
500,31.5559997559,31.8591537476
501,31.313999176,31.8473358154
502,32.0390014648,31.8458366394
503,32.5219993591,31.8591766357
504,32.2799987793,31.8935165405
505,32.0390014648,31.9550285339
506,31.7980003357,32.0456809998
507,31.9580001831,32.1633720398
508,31.3950004578,32.2884635925
509,31.6359996796,32.3708152771
510,31.1529998779,32.2802124023
511,30.9930000305,31.7217674255
512,31.0729999542,30.3862342834
513,29.8649997711,29.0654907227
514,27.2089996338,28.4862937927
515,27.4510002136,28.2896823883
516,26.6459999084,28.395242691
517,26.6459999084,28.6027622223
518,26.0009994507,28.8284606934
519,27.2889995575,29.1840076447
520,27.9340000153,27.3211574554
521,28.2549991608,29.5990066528
522,28.9799995422,28.8078861237
523,29.2220001221,28.7313899994
524,29.4629993439,28.1986255646
525,29.3020000458,28.2807235718
526,28.0939998627,28.3004264832
527,28.2549991608,27.870595932
528,27.3700008392,27.0020809174
529,25.517999649,25.8673973083
530,25.1959991455,24.6254501343
531,23.9090003967,23.6639137268
532,21.8959999084,22.8464164734
533,20.4470005035,21.8807449341
534,21.2520008087,21.3317375183
535,21.5739994049,21.2393131256
536,21.4930000305,21.5525836945
537,22.1369991302,21.9515571594
538,22.5400009155,22.0263004303
539,21.3330001831,21.8560409546
540,21.5739994049,21.4085865021
541,21.4930000305,20.7418651581
542,20.6079998016,20.9594154358
543,22.3789997101,20.6949996948
544,21.8159999847,20.4906997681
545,20.8500003815,20.5019683838
546,21.0909996033,20.4118061066
547,21.170999527,20.1489257812
548,21.3330001831,19.8508148193
549,20.2049999237,19.5798110962
550,19.2399997711,19.2956352234
551,19.3999996185,18.9784927368
552,19.5620002747,18.6176776886
553,18.9169998169,18.2164478302
554,18.5949993134,17.8004550934
555,18.5149993896,17.4294166565
556,18.5949993134,17.2495975494
557,18.1119995117,17.2718830109
558,18.9169998169,17.1780853271
559,17.8710002899,17.1558303833
