,true_data,pre_data
0,33.3269996643,31.3075408936
1,34.2929992676,34.9744682312
2,33.6489982605,34.0063362122
3,34.6150016785,34.1197242737
4,35.2589988708,34.1321144104
5,36.547000885,34.940032959
6,36.9500007629,36.1581230164
7,37.8349990845,36.8974990845
8,37.6739997864,36.0210266113
9,34.7760009766,32.4136581421
10,27.2889995575,26.1988525391
11,25.4379997253,24.1311225891
12,25.3579998016,24.0103988647
13,25.5990009308,24.6545791626
14,28.0939998627,26.1778717041
15,28.9799995422,28.6812934875
16,31.0729999542,30.1483802795
17,30.5900001526,31.1986732483
18,32.0390014648,31.7238807678
19,31.2339992523,31.7016792297
20,31.6359996796,31.5429725647
21,32.4410018921,31.4476585388
22,30.9120006561,31.4035263062
23,30.3479995728,31.3921356201
24,31.5559997559,31.4114761353
25,31.4759998322,31.4727897644
26,32.2000007629,31.5868492126
27,31.5559997559,31.7598762512
28,32.361000061,31.973941803
29,32.9239997864,32.1733512878
30,33.2459983826,32.2719688416
31,32.763999939,32.1864471436
32,32.1189994812,31.7154426575
33,31.716999054,30.3785972595
34,27.6919994354,28.535987854
35,25.517999649,27.9452400208
36,25.7600002289,27.9812927246
37,27.0480003357,28.1061134338
38,27.2089996338,28.3623275757
39,27.6919994354,28.7378158569
40,28.5769996643,27.1408576965
41,28.658000946,28.9376449585
42,29.3819999695,28.9477233887
43,29.8649997711,28.9718551636
44,29.8649997711,28.4279518127
45,28.5769996643,28.386554718
46,28.1749992371,27.9103622437
47,27.3700008392,26.9507522583
48,26.8059997559,25.7329177856
49,25.0349998474,24.6745834351
50,24.7129993439,23.6193199158
51,23.5869998932,22.4165115356
52,23.0230007172,21.2560501099
53,21.6539993286,20.4724197388
54,19.5620002747,20.6123008728
55,22.1369991302,21.2028503418
56,21.4930000305,21.433807373
57,22.7810001373,21.674949646
58,22.6210002899,22.081577301
59,22.7810001373,22.1186141968
60,22.4589996338,21.8575515747
61,20.2049999237,21.0323066711
62,20.4470005035,21.2261314392
63,19.8829994202,21.1128921509
64,20.125,20.904964447
65,19.8829994202,20.9802360535
66,19.6420001984,20.9970779419
67,18.9169998169,20.521686554
68,19.3199996948,20.5232963562
69,20.125,20.3196907043
70,18.6760005951,20.0323982239
71,19.3199996948,19.6082038879
72,18.5149993896,19.1211547852
73,17.7910003662,18.6121902466
74,17.2269992828,18.1494445801
75,17.4689998627,17.78099823
76,17.0659999847,17.5370483398
77,16.6630001068,17.4833221436
78,15.6979999542,17.5322570801
79,15.2950000763,17.386390686
80,15.5360002518,17.4240150452
81,15.6169996262,16.9084243774
82,16.422000885,16.9703483582
83,17.3880004883,17.4218521118
84,17.6289997101,18.1562690735
85,18.7569999695,18.7962760925
86,20.0450000763,19.8010749817
87,21.3330001831,20.6567115784
88,21.5739994049,21.5734939575
89,22.218000412,22.9643669128
90,25.2770004272,25.3721084595
91,28.3360004425,29.4641227722
92,30.6700000763,32.1557159424
93,31.7980003357,33.4862060547
94,32.361000061,33.8884086609
95,32.84400177,34.4803543091
96,32.6030006409,35.0420532227
97,32.6030006409,35.3758811951
98,32.9239997864,35.5372161865
99,34.0509986877,35.5597801208
100,34.3740005493,35.5762214661
101,33.6489982605,36.0309410095
102,35.1790008545,37.3139533997
103,36.063999176,37.8529014587
104,35.7420005798,37.2667427063
105,33.8100013733,34.6805610657
106,26.5650005341,29.451259613
107,24.4720001221,27.2897148132
108,24.1499996185,26.630405426
109,24.875,26.6167640686
110,26.0820007324,28.2138633728
111,28.1749992371,30.2150382996
112,28.9799995422,31.4510269165
113,30.3479995728,32.1289634705
114,30.9930000305,32.2375450134
115,30.9120006561,32.3189277649
116,31.0729999542,32.4100379944
117,29.8649997711,32.4829444885
118,30.4290008545,32.5294075012
119,30.5100002289,32.6501426697
120,31.0729999542,30.0610542297
121,30.5100002289,31.363735199
122,32.1189994812,30.5383300781
123,31.2339992523,30.8411254883
124,30.9120006561,31.4948234558
125,30.9120006561,31.6977653503
126,32.0390014648,31.8313713074
127,30.267999649,31.8623847961
128,30.0259990692,31.8269386292
129,29.4629993439,31.645488739
130,26.2430000305,31.1603050232
131,25.5990009308,30.1206207275
132,26.6459999084,28.829284668
133,27.2889995575,28.2403182983
134,26.4039993286,28.1013183594
135,27.1280002594,28.2406425476
136,28.5769996643,28.8089332581
137,28.4969997406,29.2193870544
138,28.8190002441,29.318359375
139,28.8990001678,29.2904968262
140,28.9799995422,29.1055107117
141,27.8530006409,28.5852966309
142,27.3700008392,27.899684906
143,26.5650005341,27.4903411865
144,25.6800003052,26.7732200623
145,24.311000824,25.802280426
146,23.263999939,25.2224082947
147,23.263999939,24.3232307434
148,21.8159999847,23.1654624939
149,20.4470005035,21.9967727661
150,18.9979991913,21.0177268982
151,20.6879997253,20.6535110474
152,20.6879997253,21.1758422852
153,21.0100002289,21.4355888367
154,20.9300003052,21.7930641174
155,19.8829994202,22.0999145508
156,20.0450000763,21.8864860535
157,19.1590003967,21.1088562012
158,19.3999996185,20.6637496948
159,18.5149993896,20.88514328
160,19.4810009003,20.7273445129
161,18.9169998169,21.155380249
162,19.1590003967,20.9355278015
163,18.8369998932,20.4911651611
164,18.3540000916,20.174041748
165,17.8710002899,19.8028411865
166,18.2740001678,19.5169296265
167,18.8369998932,19.2221565247
168,17.3880004883,18.9131278992
169,16.7439994812,18.5783920288
170,17.0659999847,18.2325782776
171,16.986000061,17.9123878479
172,16.6630001068,17.7173461914
173,16.1809997559,17.6622428894
174,16.8239994049,17.4066009521
175,16.3409996033,17.1872444153
176,17.2269992828,17.2046394348
177,16.6630001068,17.2540855408
178,17.7099990845,17.4038352966
179,17.5489997864,17.7007598877
180,18.7569999695,17.9951972961
181,19.2399997711,18.6695899963
182,20.0450000763,19.4224281311
183,20.125,20.4329185486
184,20.2859992981,21.6924209595
185,20.6079998016,23.9756698608
186,23.5869998932,26.6201057434
187,26.6459999084,30.1360969543
188,27.2889995575,32.3433914185
189,28.658000946,32.9867134094
190,29.1410007477,33.5091667175
191,29.7049999237,33.8420829773
192,30.107000351,34.0950126648
193,30.5900001526,34.2716178894
194,30.4290008545,34.3109703064
195,31.313999176,34.3853912354
196,32.2000007629,34.9103279114
197,31.7980003357,36.2413368225
198,33.4879989624,36.8984451294
199,33.3269996643,36.7721061707
200,33.1660003662,32.0487327576
201,31.5559997559,31.8015174866
202,25.2770004272,29.5335235596
203,22.5400009155,24.5833511353
204,22.6210002899,24.1872177124
205,23.4249992371,25.4647521973
206,23.0230007172,26.996181488
207,25.1959991455,28.4264450073
208,26.4039993286,30.4665679932
209,28.1749992371,30.9473991394
210,28.658000946,31.404510498
211,28.2549991608,31.6813163757
212,29.1410007477,31.7305107117
213,28.4169998169,31.6689796448
214,28.5769996643,31.5654335022
215,28.013999939,31.459941864
216,28.4169998169,31.4008331299
217,27.8530006409,31.4454956055
218,28.658000946,31.6192741394
219,28.9799995422,31.8199958801
220,29.7849998474,31.8773117065
221,29.3819999695,31.8307762146
222,29.2220001221,31.7527046204
223,29.0599994659,31.6441993713
224,29.3020000458,31.4529533386
225,28.4969997406,30.9879875183
226,26.0009994507,29.7708969116
227,24.7940006256,28.0454177856
228,25.5990009308,27.4268188477
229,24.3920001984,27.4464263916
230,23.7469997406,27.8777580261
231,24.311000824,28.6277923584
232,25.0349998474,28.8674697876
233,25.2770004272,28.7764434814
234,26.3229999542,28.5513763428
235,26.0009994507,27.9707641602
236,26.4039993286,27.0284309387
237,25.3579998016,26.3910751343
238,24.7129993439,25.7309265137
239,23.827999115,24.6411628723
240,22.8619995117,23.8798217773
241,21.8159999847,23.8600196838
242,21.2520008087,22.5398521423
243,20.6079998016,21.8085021973
244,19.8829994202,20.9736213684
245,18.8369998932,20.2882270813
246,17.7910003662,20.2870979309
247,18.2740001678,20.3962478638
248,19.6420001984,20.3816490173
249,19.5620002747,20.364944458
250,19.1590003967,19.5940666199
251,19.3999996185,18.9668693542
252,18.4340000153,18.6234169006
253,18.4340000153,18.4206771851
254,18.5149993896,18.3381614685
255,18.2740001678,18.1302452087
256,17.3880004883,17.8181114197
257,17.1459999084,17.5217056274
258,16.7439994812,17.2325363159
259,16.6630001068,17.0436210632
260,17.0659999847,16.9805755615
261,17.3069992065,16.4815139771
262,18.1119995117,16.0470161438
263,17.4689998627,15.6069040298
264,17.0659999847,15.1297502518
265,16.1809997559,14.6873521805
266,16.422000885,14.4508657455
267,14.8120002747,14.4365224838
268,15.4560003281,14.5090303421
269,14.9729995728,14.5401849747
270,15.4560003281,14.5905504227
271,15.1339998245,14.701382637
272,15.6169996262,14.8305253983
273,15.7779998779,14.942065239
274,15.6979999542,15.2253961563
275,17.4689998627,15.8571920395
276,18.3540000916,16.7940711975
277,20.2049999237,17.4282913208
278,20.6079998016,18.112575531
279,20.3659992218,18.9997596741
280,20.6879997253,22.823764801
281,21.3330001831,22.8803253174
282,25.4379997253,24.8735809326
283,29.1410007477,27.5974693298
284,29.7849998474,30.1125907898
285,31.8780002594,31.7289772034
286,33.1660003662,32.2471427917
287,32.84400177,32.7378959656
288,32.9239997864,33.1132926941
289,34.7760009766,33.2223854065
290,34.5349998474,33.3632125854
291,36.1450004578,33.7923240662
292,36.3860015869,34.0527305603
293,37.0299987793,34.6342277527
294,37.2709999084,35.8662147522
295,38.1570014954,36.3969535828
296,39.4449996948,35.9208106995
297,36.6269989014,32.6405563354
298,29.7849998474,26.3271369934
299,26.7259998322,24.5332489014
300,26.7259998322,24.6829223633
301,28.3360004425,25.012752533
302,28.5769996643,26.3315086365
303,31.6359996796,28.5123214722
304,32.2000007629,30.0673370361
305,32.763999939,31.2769241333
306,34.9370002747,31.8266716003
307,34.4539985657,31.9476280212
308,34.0509986877,31.8943519592
309,34.0509986877,31.779209137
310,34.0509986877,31.6841239929
311,33.6489982605,31.6387748718
312,33.9710006714,31.6401863098
313,34.0509986877,31.6843757629
314,34.3740005493,31.7536354065
315,35.4199981689,31.823890686
316,34.9370002747,31.8809585571
317,35.016998291,31.9291725159
318,35.5,31.9638328552
319,34.6150016785,31.9474906921
320,34.5349998474,29.037109375
321,33.408000946,31.2513885498
322,31.4759998322,29.895942688
323,30.8309993744,29.4494361877
324,30.5100002289,28.9398536682
325,30.9120006561,28.2313461304
326,30.4290008545,28.5913696289
327,28.9799995422,29.3663063049
328,30.3479995728,29.4333000183
329,29.0599994659,29.3616943359
330,29.9459991455,29.3463478088
331,29.7049999237,29.1450080872
332,29.7849998474,28.619392395
333,28.7390003204,27.9779624939
334,27.611000061,27.415512085
335,27.611000061,26.3882102966
336,26.0009994507,25.3690376282
337,25.3579998016,24.5199890137
338,24.9549999237,23.4072799683
339,23.5060005188,22.2518882751
340,21.4130001068,21.1946487427
341,21.2520008087,20.5203971863
342,20.125,20.9183654785
343,21.4130001068,21.2773475647
344,20.7689990997,21.5067825317
345,23.0230007172,21.7344665527
346,22.3789997101,21.3196678162
347,21.6539993286,21.3363380432
348,21.2520008087,21.25157547
349,21.4930000305,20.405456543
350,21.7350006104,20.200302124
351,21.4130001068,20.1677742004
352,20.6879997253,19.9748497009
353,20.4470005035,19.7379760742
354,20.6879997253,19.5933952332
355,20.2049999237,19.6269111633
356,20.4470005035,19.2426681519
357,19.3199996948,18.7877426147
358,19.8829994202,18.5472450256
359,18.9979991913,18.2237091064
360,19.079000473,17.9489326477
361,19.079000473,17.682723999
362,19.079000473,16.9883003235
363,18.031999588,16.8464813232
364,18.2740001678,16.5559616089
365,18.1930007935,16.3374824524
366,18.2740001678,16.298324585
367,18.031999588,16.3976898193
368,18.4340000153,16.4137191772
369,17.9510002136,16.5269508362
370,19.079000473,16.8108596802
371,19.8829994202,17.3473968506
372,19.8829994202,17.9041633606
373,21.4930000305,18.8617630005
374,21.8959999084,19.8068351746
375,21.9759998322,20.5485725403
376,22.5400009155,21.3517036438
377,23.263999939,22.5791168213
378,25.5990009308,24.8395118713
379,28.9799995422,28.1671257019
380,30.9930000305,30.391254425
381,32.2799987793,31.7041511536
382,32.9239997864,32.4284439087
383,33.5690002441,32.941444397
384,34.2130012512,33.2218093872
385,33.7290000916,33.4458007812
386,34.6949996948,33.6872673035
387,34.6150016785,33.9243736267
388,34.6150016785,34.1227684021
389,34.6949996948,34.663898468
390,34.5349998474,35.8227272034
391,35.1790008545,36.16223526
392,35.0979995728,35.1440811157
393,33.4879989624,30.3123435974
394,26.8869991302,25.3436012268
395,24.9549999237,24.5834236145
396,25.7600002289,24.7675857544
397,25.4379997253,25.3787155151
398,27.1280002594,27.0575256348
399,30.5900001526,29.0827102661
400,30.6700000763,31.9495048523
401,32.361000061,30.5492210388
402,32.84400177,31.3123817444
403,33.0849990845,31.4213142395
404,31.3950004578,31.3184547424
405,31.9580001831,31.6929130554
406,32.2000007629,31.7097587585
407,32.361000061,31.7314720154
408,32.2000007629,31.7147254944
409,32.2799987793,31.698223114
410,33.3269996643,31.6938476562
411,33.7290000916,31.7184867859
412,32.763999939,31.7872657776
413,34.3740005493,31.9155502319
414,34.2130012512,32.0704307556
415,34.3740005493,32.1200218201
416,34.0509986877,31.8729972839
417,33.7290000916,30.9961471558
418,30.5100002289,29.354549408
419,30.0259990692,28.4329452515
420,29.5429992676,28.4814033508
421,29.6240005493,28.6787338257
422,28.4969997406,29.0584526062
423,28.8990001678,29.6877326965
424,28.8190002441,30.1732292175
425,28.7390003204,30.1232261658
426,28.658000946,29.8928031921
427,28.5769996643,29.4874916077
428,28.2549991608,28.7754211426
429,28.1749992371,28.0533981323
430,27.2889995575,27.0029067993
431,26.968000412,25.9203720093
432,25.5990009308,25.3293571472
433,24.7940006256,24.3361587524
434,24.2299995422,23.3120727539
435,23.0230007172,22.1903419495
436,21.8159999847,21.1595878601
437,20.8500003815,20.5561408997
438,21.0909996033,20.9239616394
439,21.9759998322,21.50963974
440,22.7010002136,23.0859909058
441,22.7010002136,21.2507705688
442,22.6210002899,21.2861976624
443,21.9759998322,21.5633277893
444,21.7350006104,21.3206672668
445,21.170999527,20.1499176025
446,21.7350006104,20.269947052
447,22.2989997864,20.0321617126
448,22.2989997864,20.0712471008
449,21.5739994049,19.761806488
450,20.3659992218,19.6510391235
451,20.2049999237,19.6269989014
452,20.3659992218,19.2448120117
453,19.9640007019,19.0191726685
454,18.9169998169,18.6516647339
455,19.3199996948,18.2486610413
456,18.2740001678,17.843082428
457,17.6289997101,17.4936676025
458,18.1930007935,17.2459068298
459,18.4340000153,17.1491203308
460,18.6760005951,17.1248626709
461,18.5949993134,16.9536857605
462,18.3540000916,16.7359580994
463,17.6289997101,16.5231132507
464,19.2399997711,16.5329399109
465,18.9979991913,16.7608451843
466,17.9510002136,17.1777496338
467,19.6420001984,17.6313743591
468,19.8029994965,18.1596946716
469,21.9759998322,19.339099884
470,22.9419994354,20.3457527161
471,22.4589996338,21.4083747864
472,22.9419994354,22.2373771667
473,24.0690002441,23.3376579285
474,25.920999527,26.1317214966
475,28.5769996643,29.3034248352
476,30.5100002289,31.3510551453
477,32.2000007629,32.4860725403
478,31.716999054,32.9519958496
479,33.2459983826,33.2887382507
480,33.9710006714,31.3606147766
481,34.2130012512,34.921081543
482,34.2130012512,33.7937965393
483,34.8559989929,33.8812904358
484,34.9370002747,33.9694328308
485,35.0979995728,34.848449707
486,36.4659996033,36.2343940735
487,37.5929985046,36.908870697
488,37.5130004883,36.3262481689
489,33.2459983826,32.9268760681
490,26.4839992523,26.9286460876
491,23.5869998932,24.2338371277
492,24.5520000458,24.089931488
493,25.6800003052,24.7734451294
494,26.0009994507,26.2107124329
495,28.3360004425,28.6731452942
496,30.107000351,30.1002235413
497,30.6700000763,31.124004364
498,31.8780002594,31.6620025635
499,32.5219993591,31.6522789001
500,31.5559997559,31.4857406616
501,31.313999176,31.3908576965
502,32.0390014648,31.3546180725
503,32.5219993591,31.3555488586
504,32.2799987793,31.3813285828
505,32.0390014648,31.4243278503
506,31.7980003357,31.4809608459
507,31.9580001831,31.5722999573
508,31.3950004578,31.7147216797
509,31.6359996796,31.8515052795
510,31.1529998779,31.8493003845
511,30.9930000305,31.6016807556
512,31.0729999542,30.8144226074
513,29.8649997711,29.0835189819
514,27.2089996338,27.6289863586
515,27.4510002136,27.4120674133
516,26.6459999084,27.4553184509
517,26.6459999084,27.6430473328
518,26.0009994507,27.9832267761
519,27.2889995575,28.4324913025
520,27.9340000153,26.9441642761
521,28.2549991608,28.7433929443
522,28.9799995422,28.5557479858
523,29.2220001221,28.6813430786
524,29.4629993439,28.2525367737
525,29.3020000458,28.3046951294
526,28.0939998627,27.948600769
527,28.2549991608,27.1628952026
528,27.3700008392,26.0751190186
529,25.517999649,24.9305801392
530,25.1959991455,23.9035835266
531,23.9090003967,22.7430953979
532,21.8959999084,21.5423812866
533,20.4470005035,20.6214065552
534,21.2520008087,20.3590316772
535,21.5739994049,21.0448417664
536,21.4930000305,21.3038978577
537,22.1369991302,21.5361328125
538,22.5400009155,21.7310562134
539,21.3330001831,21.5729064941
540,21.5739994049,21.0819206238
541,21.4930000305,20.3926200867
542,20.6079998016,20.5444641113
543,22.3789997101,20.3552894592
544,21.8159999847,20.130771637
545,20.8500003815,20.1734924316
546,21.0909996033,20.3371200562
547,21.170999527,19.6640968323
548,21.3330001831,19.4754638672
549,20.2049999237,19.2579116821
550,19.2399997711,19.0486602783
551,19.3999996185,18.7742843628
552,19.5620002747,18.4557380676
553,18.9169998169,18.1042480469
554,18.5949993134,17.752204895
555,18.5149993896,17.4215049744
556,18.5949993134,17.1659927368
557,18.1119995117,17.1172790527
558,18.9169998169,17.0534515381
559,17.8710002899,16.8024940491
