,true_data,pre_data
0,33.3269996643,27.7943611145
1,34.2929992676,31.0405769348
2,33.6489982605,32.4527397156
3,34.6150016785,33.8742713928
4,35.2589988708,34.6478157043
5,36.547000885,34.7042045593
6,36.9500007629,36.0170631409
7,37.8349990845,36.7281074524
8,37.6739997864,36.6826667786
9,34.7760009766,36.1424064636
10,27.2889995575,33.5430984497
11,25.4379997253,27.4576797485
12,25.3579998016,25.1814918518
13,25.5990009308,24.5768089294
14,28.0939998627,24.9839687347
15,28.9799995422,26.2086334229
16,31.0729999542,28.1224899292
17,30.5900001526,30.3561973572
18,32.0390014648,31.2588691711
19,31.2339992523,31.6480026245
20,31.6359996796,31.8603401184
21,32.4410018921,31.9602775574
22,30.9120006561,32.0193328857
23,30.3479995728,32.0668296814
24,31.5559997559,32.1168479919
25,31.4759998322,32.1719169617
26,32.2000007629,32.2295608521
27,31.5559997559,32.2857933044
28,32.361000061,32.3332481384
29,32.9239997864,32.3609657288
30,33.2459983826,32.3423080444
31,32.763999939,32.2124900818
32,32.1189994812,31.8066635132
33,31.716999054,30.8723564148
34,27.6919994354,29.5993175507
35,25.517999649,28.7729301453
36,25.7600002289,28.4142742157
37,27.0480003357,28.3536262512
38,27.2089996338,28.4321670532
39,27.6919994354,28.5823574066
40,28.5769996643,28.4471244812
41,28.658000946,26.4662132263
42,29.3819999695,27.1719055176
43,29.8649997711,28.0936508179
44,29.8649997711,28.3783187866
45,28.5769996643,28.3087043762
46,28.1749992371,28.4770355225
47,27.3700008392,28.4410629272
48,26.8059997559,28.0000534058
49,25.0349998474,27.1845932007
50,24.7129993439,26.160030365
51,23.5869998932,24.97697258
52,23.0230007172,23.7977981567
53,21.6539993286,22.7115211487
54,19.5620002747,21.560541153
55,22.1369991302,21.0108470917
56,21.4930000305,21.0251693726
57,22.7810001373,21.3072853088
58,22.6210002899,21.9870014191
59,22.7810001373,22.2017383575
60,22.4589996338,22.1660957336
61,20.2049999237,21.4463157654
62,20.4470005035,21.2981414795
63,19.8829994202,21.5526580811
64,20.125,21.3156242371
65,19.8829994202,21.2810707092
66,19.6420001984,21.1754798889
67,18.9169998169,20.9489364624
68,19.3199996948,20.659406662
69,20.125,20.3430194855
70,18.6760005951,20.0090732574
71,19.3199996948,19.6525669098
72,18.5149993896,19.2704086304
73,17.7910003662,18.8714332581
74,17.2269992828,18.4801177979
75,17.4689998627,18.1369686127
76,17.0659999847,17.8939971924
77,16.6630001068,17.73595047
78,15.6979999542,17.5896930695
79,15.2950000763,17.4617195129
80,15.5360002518,22.7395095825
81,15.6169996262,17.7290992737
82,16.422000885,16.8064002991
83,17.3880004883,17.0837020874
84,17.6289997101,17.3120155334
85,18.7569999695,17.996919632
86,20.0450000763,18.5822200775
87,21.3330001831,19.2657661438
88,21.5739994049,20.0872840881
89,22.218000412,20.903087616
90,25.2770004272,21.7984371185
91,28.3360004425,23.497543335
92,30.6700000763,26.6486263275
93,31.7980003357,28.9589614868
94,32.361000061,31.3088340759
95,32.84400177,31.614364624
96,32.6030006409,32.0406303406
97,32.6030006409,32.393661499
98,32.9239997864,32.7372779846
99,34.0509986877,32.9523353577
100,34.3740005493,33.1793670654
101,33.6489982605,33.454914093
102,35.1790008545,33.8484954834
103,36.063999176,34.7008056641
104,35.7420005798,35.8598518372
105,33.8100013733,35.814365387
106,26.5650005341,34.4274177551
107,24.4720001221,29.7853870392
108,24.1499996185,25.3940658569
109,24.875,24.5424137115
110,26.0820007324,24.5376663208
111,28.1749992371,25.2451515198
112,28.9799995422,26.509469986
113,30.3479995728,28.4434509277
114,30.9930000305,30.1429100037
115,30.9120006561,30.5613288879
116,31.0729999542,30.7200508118
117,29.8649997711,30.6757087708
118,30.4290008545,30.5826683044
119,30.5100002289,30.494178772
120,31.0729999542,28.8294582367
121,30.5100002289,29.4767684937
122,32.1189994812,28.8893547058
123,31.2339992523,30.2108650208
124,30.9120006561,30.4916877747
125,30.9120006561,30.2947463989
126,32.0390014648,30.0939216614
127,30.267999649,29.9463195801
128,30.0259990692,29.7469959259
129,29.4629993439,29.4727306366
130,26.2430000305,29.0480995178
131,25.5990009308,28.3505516052
132,26.6459999084,27.2897567749
133,27.2889995575,26.2570037842
134,26.4039993286,25.9417762756
135,27.1280002594,26.0438461304
136,28.5769996643,26.243221283
137,28.4969997406,26.6720104218
138,28.8190002441,27.3089427948
139,28.8990001678,27.6613121033
140,28.9799995422,27.6651077271
141,27.8530006409,27.5586700439
142,27.3700008392,27.1774291992
143,26.5650005341,26.4101066589
144,25.6800003052,25.5793495178
145,24.311000824,25.0348091125
146,23.263999939,24.255689621
147,23.263999939,23.0453567505
148,21.8159999847,22.0821228027
149,20.4470005035,21.2746963501
150,18.9979991913,20.4679641724
151,20.6879997253,19.8830070496
152,20.6879997253,19.6041259766
153,21.0100002289,19.7165985107
154,20.9300003052,20.304101944
155,19.8829994202,20.223733902
156,20.0450000763,19.8861217499
157,19.1590003967,19.8045043945
158,19.3999996185,19.476474762
159,18.5149993896,19.5872688293
160,19.4810009003,18.8406791687
161,18.9169998169,20.3585548401
162,19.1590003967,20.5798778534
163,18.8369998932,20.4678230286
164,18.3540000916,20.2313232422
165,17.8710002899,20.0046043396
166,18.2740001678,19.747844696
167,18.8369998932,19.4743614197
168,17.3880004883,19.1683235168
169,16.7439994812,18.8346557617
170,17.0659999847,18.4855937958
171,16.986000061,18.134853363
172,16.6630001068,17.8049163818
173,16.1809997559,17.5330543518
174,16.8239994049,17.3713912964
175,16.3409996033,17.2881317139
176,17.2269992828,17.1617584229
177,16.6630001068,17.0523452759
178,17.7099990845,17.0137481689
179,17.5489997864,17.2277698517
180,18.7569999695,17.626493454
181,19.2399997711,17.9828491211
182,20.0450000763,18.555727005
183,20.125,19.1564083099
184,20.2859992981,19.9313583374
185,20.6079998016,20.7339916229
186,23.5869998932,22.1727676392
187,26.6459999084,24.5079174042
188,27.2889995575,26.375629425
189,28.658000946,28.8893451691
190,29.1410007477,30.910861969
191,29.7049999237,31.7104110718
192,30.107000351,32.1950187683
193,30.5900001526,32.54529953
194,30.4290008545,32.7134437561
195,31.313999176,32.87758255
196,32.2000007629,33.0655555725
197,31.7980003357,33.2744255066
198,33.4879989624,33.5607185364
199,33.3269996643,34.2495002747
200,33.1660003662,28.4794521332
201,31.5559997559,31.262348175
202,25.2770004272,30.1708717346
203,22.5400009155,29.5698699951
204,22.6210002899,27.005027771
205,23.4249992371,24.3909549713
206,23.0230007172,23.9090366364
207,25.1959991455,24.9871559143
208,26.4039993286,26.6261291504
209,28.1749992371,28.9198131561
210,28.658000946,30.0022659302
211,28.2549991608,29.9617042542
212,29.1410007477,29.9959259033
213,28.4169998169,29.96667099
214,28.5769996643,29.9134483337
215,28.013999939,29.8573532104
216,28.4169998169,29.8102016449
217,27.8530006409,29.7693729401
218,28.658000946,29.7287025452
219,28.9799995422,29.6840934753
220,29.7849998474,29.6300010681
221,29.3819999695,29.5631275177
222,29.2220001221,29.4748535156
223,29.0599994659,29.3522052765
224,29.3020000458,29.1682186127
225,28.4969997406,28.8935985565
226,26.0009994507,28.4983291626
227,24.7940006256,27.8797740936
228,25.5990009308,26.7857284546
229,24.3920001984,25.7489700317
230,23.7469997406,25.6903190613
231,24.311000824,25.8931560516
232,25.0349998474,26.111032486
233,25.2770004272,26.4653205872
234,26.3229999542,27.0650863647
235,26.0009994507,27.5993423462
236,26.4039993286,27.6858043671
237,25.3579998016,27.6618213654
238,24.7129993439,27.5095462799
239,23.827999115,27.0335826874
240,22.8619995117,26.3680534363
241,21.8159999847,23.5483970642
242,21.2520008087,22.8544960022
243,20.6079998016,22.6005592346
244,19.8829994202,22.1083698273
245,18.8369998932,21.8691272736
246,17.7910003662,21.3458862305
247,18.2740001678,20.8536262512
248,19.6420001984,20.4484634399
249,19.5620002747,20.1701812744
250,19.1590003967,20.2918796539
251,19.3999996185,20.2520465851
252,18.4340000153,19.6530380249
253,18.4340000153,19.1355247498
254,18.5149993896,18.524356842
255,18.2740001678,18.505525589
256,17.3880004883,18.2991676331
257,17.1459999084,18.1623649597
258,16.7439994812,17.9233169556
259,16.6630001068,17.6054649353
260,17.0659999847,17.2692470551
261,17.3069992065,16.9213829041
262,18.1119995117,16.5649776459
263,17.4689998627,16.1817207336
264,17.0659999847,15.7617006302
265,16.1809997559,15.3248033524
266,16.422000885,14.9138269424
267,14.8120002747,14.5757188797
268,15.4560003281,14.3573007584
269,14.9729995728,14.2455644608
270,15.4560003281,14.1864728928
271,15.1339998245,14.2788724899
272,15.6169996262,14.6560602188
273,15.7779998779,15.1089143753
274,15.6979999542,15.4640245438
275,17.4689998627,16.1240959167
276,18.3540000916,17.2300033569
277,20.2049999237,18.0574378967
278,20.6079998016,18.9361610413
279,20.3659992218,19.8057174683
280,20.6879997253,25.4378147125
281,21.3330001831,22.9098014832
282,25.4379997253,25.1045665741
283,29.1410007477,26.3198242188
284,29.7849998474,29.4387874603
285,31.8780002594,30.69348526
286,33.1660003662,32.2217140198
287,32.84400177,32.4658088684
288,32.9239997864,32.812664032
289,34.7760009766,33.1541404724
290,34.5349998474,33.3236808777
291,36.1450004578,33.5510063171
292,36.3860015869,33.8814353943
293,37.0299987793,34.1490936279
294,37.2709999084,34.7077140808
295,38.1570014954,35.9437980652
296,39.4449996948,36.3812026978
297,36.6269989014,35.929271698
298,29.7849998474,33.5677146912
299,26.7259998322,27.8016872406
300,26.7259998322,25.0558700562
301,28.3360004425,24.3963356018
302,28.5769996643,24.755109787
303,31.6359996796,25.9554481506
304,32.2000007629,28.0526294708
305,32.763999939,30.2238464355
306,34.9370002747,31.0780181885
307,34.4539985657,31.5651550293
308,34.0509986877,31.7707099915
309,34.0509986877,31.8346443176
310,34.0509986877,31.8627586365
311,33.6489982605,31.8945236206
312,33.9710006714,31.9371986389
313,34.0509986877,31.9914741516
314,34.3740005493,32.0551643372
315,35.4199981689,32.1261100769
316,34.9370002747,32.1995315552
317,35.016998291,32.2713279724
318,35.5,32.3350563049
319,34.6150016785,32.3848495483
320,34.5349998474,29.0340499878
321,33.408000946,28.5419387817
322,31.4759998322,29.3898773193
323,30.8309993744,30.2265625
324,30.5100002289,30.2934837341
325,30.9120006561,29.7551364899
326,30.4290008545,29.0757484436
327,28.9799995422,28.6877746582
328,30.3479995728,28.7911605835
329,29.0599994659,29.2048149109
330,29.9459991455,29.5111064911
331,29.7049999237,29.6360645294
332,29.7849998474,29.6841487885
333,28.7390003204,29.5570449829
334,27.611000061,29.1390151978
335,27.611000061,28.4078407288
336,26.0009994507,27.6433868408
337,25.3579998016,26.9147491455
338,24.9549999237,25.8258228302
339,23.5060005188,24.5656909943
340,21.4130001068,23.6431598663
341,21.2520008087,22.6613006592
342,20.125,21.5108070374
343,21.4130001068,20.9655723572
344,20.7689990997,20.9095420837
345,23.0230007172,21.2129974365
346,22.3789997101,21.5920772552
347,21.6539993286,21.5022335052
348,21.2520008087,21.3287372589
349,21.4930000305,20.4770126343
350,21.7350006104,20.0696868896
351,21.4130001068,20.0585765839
352,20.6879997253,19.8941879272
353,20.4470005035,19.8256435394
354,20.6879997253,19.8376121521
355,20.2049999237,19.7218856812
356,20.4470005035,19.4707202911
357,19.3199996948,19.1683921814
358,19.8829994202,18.8547439575
359,18.9979991913,18.5268249512
360,19.079000473,20.2014579773
361,19.079000473,17.6032142639
362,19.079000473,17.3569564819
363,18.031999588,17.1390476227
364,18.2740001678,16.9383068085
365,18.1930007935,16.6750946045
366,18.2740001678,16.4980621338
367,18.031999588,16.4594764709
368,18.4340000153,16.4917259216
369,17.9510002136,16.5421562195
370,19.079000473,16.739408493
371,19.8829994202,17.199546814
372,19.8829994202,17.6973361969
373,21.4930000305,18.2303771973
374,21.8959999084,19.1212482452
375,21.9759998322,20.158744812
376,22.5400009155,20.8250846863
377,23.263999939,21.4481182098
378,25.5990009308,22.8163146973
379,28.9799995422,25.5851402283
380,30.9930000305,27.9269447327
381,32.2799987793,30.3499031067
382,32.9239997864,32.0562400818
383,33.5690002441,32.7556228638
384,34.2130012512,33.1466178894
385,33.7290000916,33.5268135071
386,34.6949996948,33.7633590698
387,34.6150016785,33.9702949524
388,34.6150016785,34.1833534241
389,34.6949996948,34.3906059265
390,34.5349998474,34.9659309387
391,35.1790008545,36.094833374
392,35.0979995728,36.3492393494
393,33.4879989624,36.0387535095
394,26.8869991302,34.4985275269
395,24.9549999237,29.4222831726
396,25.7600002289,25.2896499634
397,25.4379997253,24.4546318054
398,27.1280002594,24.8105220795
399,30.5900001526,25.9572677612
400,30.6700000763,29.7382221222
401,32.361000061,31.1332626343
402,32.84400177,29.7743396759
403,33.0849990845,29.7065753937
404,31.3950004578,31.3435707092
405,31.9580001831,32.3038635254
406,32.2000007629,32.1869087219
407,32.361000061,32.1955375671
408,32.2000007629,32.23046875
409,32.2799987793,32.287021637
410,33.3269996643,32.3512039185
411,33.7290000916,32.4144172668
412,32.763999939,32.4633598328
413,34.3740005493,32.4881401062
414,34.2130012512,32.4754905701
415,34.3740005493,32.3971633911
416,34.0509986877,32.1785697937
417,33.7290000916,31.6567955017
418,30.5100002289,30.6374320984
419,30.0259990692,29.4264278412
420,29.5429992676,28.7540893555
421,29.6240005493,28.5616111755
422,28.4969997406,28.5751056671
423,28.8990001678,28.7182807922
424,28.8190002441,29.0456676483
425,28.7390003204,29.5767784119
426,28.658000946,29.9704399109
427,28.5769996643,29.9885902405
428,28.2549991608,29.917881012
429,28.1749992371,29.7116146088
430,27.2889995575,29.2271060944
431,26.968000412,28.4376735687
432,25.5990009308,27.6053237915
433,24.7940006256,26.7100257874
434,24.2299995422,25.5108680725
435,23.0230007172,24.4974040985
436,21.8159999847,23.7882118225
437,20.8500003815,22.8166999817
438,21.0909996033,21.6386871338
439,21.9759998322,21.0636520386
440,22.7010002136,26.973110199
441,22.7010002136,22.3242549896
442,22.6210002899,22.7232551575
443,21.9759998322,21.7249240875
444,21.7350006104,21.9186191559
445,21.170999527,19.8726501465
446,21.7350006104,20.2423744202
447,22.2989997864,20.0619525909
448,22.2989997864,20.120475769
449,21.5739994049,19.9248466492
450,20.3659992218,19.8052062988
451,20.2049999237,19.6703510284
452,20.3659992218,19.446023941
453,19.9640007019,19.1354904175
454,18.9169998169,18.7729187012
455,19.3199996948,18.394411087
456,18.2740001678,18.0266799927
457,17.6289997101,17.6907749176
458,18.1930007935,17.4063720703
459,18.4340000153,17.1991233826
460,18.6760005951,17.0880870819
461,18.5949993134,17.004240036
462,18.3540000916,16.8728752136
463,17.6289997101,16.7414894104
464,19.2399997711,16.6661319733
465,18.9979991913,16.716999054
466,17.9510002136,17.1316452026
467,19.6420001984,17.6908226013
468,19.8029994965,18.2298259735
469,21.9759998322,18.9708137512
470,22.9419994354,19.8585166931
471,22.4589996338,20.7503757477
472,22.9419994354,21.3409538269
473,24.0690002441,22.6288871765
474,25.920999527,24.9876461029
475,28.5769996643,27.2049312592
476,30.5100002289,29.9148235321
477,32.2000007629,31.7472991943
478,31.716999054,32.3859176636
479,33.2459983826,32.7471580505
480,33.9710006714,27.7314510345
481,34.2130012512,31.0178260803
482,34.2130012512,32.3780632019
483,34.8559989929,33.814666748
484,34.9370002747,34.5064506531
485,35.0979995728,34.5724945068
486,36.4659996033,35.8977622986
487,37.5929985046,36.5492019653
488,37.5130004883,36.5469055176
489,33.2459983826,35.9617958069
490,26.4839992523,33.2223014832
491,23.5869998932,27.0726165771
492,24.5520000458,24.9284629822
493,25.6800003052,24.3668174744
494,26.0009994507,24.8634662628
495,28.3360004425,26.0906867981
496,30.107000351,27.9941310883
497,30.6700000763,30.2467041016
498,31.8780002594,31.16147995
499,32.5219993591,31.5798110962
500,31.5559997559,31.7844543457
501,31.313999176,31.8602027893
502,32.0390014648,31.892288208
503,32.5219993591,31.9141082764
504,32.2799987793,31.93907547
505,32.0390014648,31.9706230164
506,31.7980003357,32.007900238
507,31.9580001831,32.0486030579
508,31.3950004578,32.0859107971
509,31.6359996796,32.1066627502
510,31.1529998779,32.0754432678
511,30.9930000305,31.9029045105
512,31.0729999542,31.3831176758
513,29.8649997711,30.3288459778
514,27.2089996338,29.2185897827
515,27.4510002136,28.5699996948
516,26.6459999084,28.219833374
517,26.6459999084,28.1837787628
518,26.0009994507,28.2821617126
519,27.2889995575,28.443523407
520,27.9340000153,28.1077747345
521,28.2549991608,26.2471733093
522,28.9799995422,26.92786026
523,29.2220001221,27.8730888367
524,29.4629993439,28.1939678192
525,29.3020000458,28.1860923767
526,28.0939998627,28.3556137085
527,28.2549991608,28.3025379181
528,27.3700008392,27.8709659576
529,25.517999649,27.0981750488
530,25.1959991455,26.161819458
531,23.9090003967,25.0747413635
532,21.8959999084,23.8985538483
533,20.4470005035,22.8028812408
534,21.2520008087,21.59582901
535,21.5739994049,20.8878517151
536,21.4930000305,20.8192176819
537,22.1369991302,21.0942230225
538,22.5400009155,21.5860214233
539,21.3330001831,21.6478729248
540,21.5739994049,21.3899459839
541,21.4930000305,20.6198234558
542,20.6079998016,20.3719539642
543,22.3789997101,20.4478607178
544,21.8159999847,20.1513519287
545,20.8500003815,20.1490592957
546,21.0909996033,20.0721473694
547,21.170999527,19.8805351257
548,21.3330001831,19.6000232697
549,20.2049999237,19.2955303192
550,19.2399997711,18.9731578827
551,19.3999996185,18.6330070496
552,19.5620002747,18.2769489288
553,18.9169998169,17.9131851196
554,18.5949993134,17.5690116882
555,18.5149993896,17.2921257019
556,18.5949993134,17.1279449463
557,18.1119995117,17.0105857849
558,18.9169998169,16.8941612244
559,17.8710002899,16.8657131195
