,true_data,pre_data
0,33.3269996643,27.3247032166
1,34.2929992676,32.1714820862
2,33.6489982605,33.1269760132
3,34.6150016785,34.0232658386
4,35.2589988708,34.8927841187
5,36.547000885,35.8114624023
6,36.9500007629,37.2470436096
7,37.8349990845,37.0097618103
8,37.6739997864,36.3970870972
9,34.7760009766,34.4691467285
10,27.2889995575,29.3213653564
11,25.4379997253,26.0697860718
12,25.3579998016,25.3032073975
13,25.5990009308,25.3062515259
14,28.0939998627,26.5295372009
15,28.9799995422,27.975643158
16,31.0729999542,29.7364044189
17,30.5900001526,30.8163528442
18,32.0390014648,31.0698013306
19,31.2339992523,31.3138427734
20,31.6359996796,31.4948425293
21,32.4410018921,31.6441650391
22,30.9120006561,31.7576980591
23,30.3479995728,31.8406066895
24,31.5559997559,31.897819519
25,31.4759998322,31.9330291748
26,32.2000007629,31.9474449158
27,31.5559997559,31.9370269775
28,32.361000061,31.8868560791
29,32.9239997864,31.7576828003
30,33.2459983826,31.4525909424
31,32.763999939,30.786781311
32,32.1189994812,29.6645240784
33,31.716999054,28.5950660706
34,27.6919994354,28.1008911133
35,25.517999649,28.0269927979
36,25.7600002289,28.15209198
37,27.0480003357,28.3946037292
38,27.2089996338,28.818611145
39,27.6919994354,29.3683586121
40,28.5769996643,28.8550720215
41,28.658000946,27.2773704529
42,29.3819999695,27.9156303406
43,29.8649997711,28.2124824524
44,29.8649997711,28.1854400635
45,28.5769996643,27.9015388489
46,28.1749992371,27.7560157776
47,27.3700008392,27.3645935059
48,26.8059997559,26.5544624329
49,25.0349998474,25.4430046082
50,24.7129993439,24.2183303833
51,23.5869998932,22.9704933167
52,23.0230007172,21.8614387512
53,21.6539993286,21.2884025574
54,19.5620002747,21.1311683655
55,22.1369991302,21.4951934814
56,21.4930000305,21.7776222229
57,22.7810001373,22.0238609314
58,22.6210002899,22.174041748
59,22.7810001373,21.8505859375
60,22.4589996338,21.7479896545
61,20.2049999237,21.4774665833
62,20.4470005035,21.1417770386
63,19.8829994202,21.3557167053
64,20.125,21.3473396301
65,19.8829994202,21.2461471558
66,19.6420001984,21.1246910095
67,18.9169998169,21.014793396
68,19.3199996948,20.8446731567
69,20.125,20.5658721924
70,18.6760005951,20.2226791382
71,19.3199996948,19.8392906189
72,18.5149993896,19.4227676392
73,17.7910003662,18.9819869995
74,17.2269992828,18.5425109863
75,17.4689998627,18.1470794678
76,17.0659999847,17.8483276367
77,16.6630001068,17.6664581299
78,15.6979999542,17.5738945007
79,15.2950000763,17.5070915222
80,15.5360002518,23.4351119995
81,15.6169996262,19.2212028503
82,16.422000885,17.4126396179
83,17.3880004883,18.0187110901
84,17.6289997101,18.8559570312
85,18.7569999695,19.724861145
86,20.0450000763,20.4338722229
87,21.3330001831,21.4105415344
88,21.5739994049,22.6247291565
89,22.218000412,24.3952980042
90,25.2770004272,27.1300735474
91,28.3360004425,29.0477714539
92,30.6700000763,31.1803474426
93,31.7980003357,32.1111526489
94,32.361000061,32.5212631226
95,32.84400177,32.7359695435
96,32.6030006409,33.0389251709
97,32.6030006409,33.2975463867
98,32.9239997864,33.4559020996
99,34.0509986877,33.6287307739
100,34.3740005493,33.8627128601
101,33.6489982605,34.3574447632
102,35.1790008545,35.3419265747
103,36.063999176,35.3797874451
104,35.7420005798,34.2703323364
105,33.8100013733,31.7470855713
106,26.5650005341,27.563999176
107,24.4720001221,25.5767707825
108,24.1499996185,25.2805328369
109,24.875,25.4203147888
110,26.0820007324,26.2875328064
111,28.1749992371,27.2142791748
112,28.9799995422,29.0768623352
113,30.3479995728,30.3219032288
114,30.9930000305,30.7151374817
115,30.9120006561,31.0234260559
116,31.0729999542,31.1736068726
117,29.8649997711,31.2569046021
118,30.4290008545,31.3135070801
119,30.5100002289,31.3650398254
120,31.0729999542,28.4709205627
121,30.5100002289,30.6837768555
122,32.1189994812,30.50025177
123,31.2339992523,30.0904769897
124,30.9120006561,30.6798553467
125,30.9120006561,30.9419174194
126,32.0390014648,30.9222831726
127,30.267999649,30.7128601074
128,30.0259990692,30.2466239929
129,29.4629993439,29.4652366638
130,26.2430000305,28.5093955994
131,25.5990009308,27.8848114014
132,26.6459999084,27.7878074646
133,27.2889995575,27.9929504395
134,26.4039993286,28.4658737183
135,27.1280002594,29.0239944458
136,28.5769996643,29.1971130371
137,28.4969997406,29.1128311157
138,28.8190002441,28.7878265381
139,28.8990001678,28.1289024353
140,28.9799995422,27.3851585388
141,27.8530006409,26.908821106
142,27.3700008392,26.4476127625
143,26.5650005341,25.5625076294
144,25.6800003052,24.3718833923
145,24.311000824,23.3974761963
146,23.263999939,22.489402771
147,23.263999939,21.5608100891
148,21.8159999847,20.9102783203
149,20.4470005035,20.5614585876
150,18.9979991913,20.9686164856
151,20.6879997253,21.3928756714
152,20.6879997253,21.5578994751
153,21.0100002289,21.7610282898
154,20.9300003052,21.5131187439
155,19.8829994202,21.3795433044
156,20.0450000763,20.938911438
157,19.1590003967,20.6506385803
158,19.3999996185,20.6211891174
159,18.5149993896,20.4514732361
160,19.4810009003,19.473449707
161,18.9169998169,19.7332191467
162,19.1590003967,20.380443573
163,18.8369998932,20.2853431702
164,18.3540000916,20.1232910156
165,17.8710002899,19.817489624
166,18.2740001678,19.4623146057
167,18.8369998932,19.0848388672
168,17.3880004883,18.6859931946
169,16.7439994812,18.285774231
170,17.0659999847,17.9176177979
171,16.986000061,17.6221046448
172,16.6630001068,17.4412193298
173,16.1809997559,17.3488388062
174,16.8239994049,17.2453613281
175,16.3409996033,17.1258430481
176,17.2269992828,17.0470848083
177,16.6630001068,17.224445343
178,17.7099990845,17.6835594177
179,17.5489997864,18.1115341187
180,18.7569999695,18.7435760498
181,19.2399997711,19.5096588135
182,20.0450000763,20.4254760742
183,20.125,21.5232810974
184,20.2859992981,23.0440444946
185,20.6079998016,24.9872932434
186,23.5869998932,27.3554801941
187,26.6459999084,29.5599861145
188,27.2889995575,31.0972061157
189,28.658000946,32.1672744751
190,29.1410007477,32.5623550415
191,29.7049999237,32.8872146606
192,30.107000351,33.011756897
193,30.5900001526,33.1379547119
194,30.4290008545,33.2875823975
195,31.313999176,33.4446907043
196,32.2000007629,33.6317749023
197,31.7980003357,34.0218353271
198,33.4879989624,34.8794670105
199,33.3269996643,34.8675270081
200,33.1660003662,27.8695983887
201,31.5559997559,33.1909065247
202,25.2770004272,31.077507019
203,22.5400009155,30.3035202026
204,22.6210002899,27.6578102112
205,23.4249992371,25.9690170288
206,23.0230007172,27.15650177
207,25.1959991455,29.3818397522
208,26.4039993286,30.943572998
209,28.1749992371,31.2930831909
210,28.658000946,31.3562850952
211,28.2549991608,31.4229507446
212,29.1410007477,31.4962005615
213,28.4169998169,31.5726470947
214,28.5769996643,31.6428375244
215,28.013999939,31.7007064819
216,28.4169998169,31.7429428101
217,27.8530006409,31.766998291
218,28.658000946,31.7686424255
219,28.9799995422,31.7395477295
220,29.7849998474,31.662109375
221,29.3819999695,31.5014152527
222,29.2220001221,31.1809539795
223,29.0599994659,30.5410308838
224,29.3020000458,29.3949165344
225,28.4969997406,28.1818389893
226,26.0009994507,27.7979164124
227,24.7940006256,27.8589820862
228,25.5990009308,27.9991264343
229,24.3920001984,28.1956748962
230,23.7469997406,28.513835907
231,24.311000824,28.9894599915
232,25.0349998474,29.2023277283
233,25.2770004272,28.9289054871
234,26.3229999542,28.3425521851
235,26.0009994507,27.5408058167
236,26.4039993286,26.9539337158
237,25.3579998016,26.5432853699
238,24.7129993439,25.8197746277
239,23.827999115,24.7076683044
240,22.8619995117,27.0685081482
241,21.8159999847,24.1646499634
242,21.2520008087,23.1318778992
243,20.6079998016,22.3575210571
244,19.8829994202,21.8913459778
245,18.8369998932,21.5314407349
246,17.7910003662,21.0749778748
247,18.2740001678,20.8325386047
248,19.6420001984,20.7475090027
249,19.5620002747,20.7780456543
250,19.1590003967,21.0487060547
251,19.3999996185,20.9140968323
252,18.4340000153,20.7447280884
253,18.4340000153,20.1267967224
254,18.5149993896,19.7274093628
255,18.2740001678,19.5956840515
256,17.3880004883,19.4118156433
257,17.1459999084,19.4522132874
258,16.7439994812,19.3587837219
259,16.6630001068,19.1818580627
260,17.0659999847,18.9534759521
261,17.3069992065,18.6985473633
262,18.1119995117,18.4101753235
263,17.4689998627,18.0958824158
264,17.0659999847,17.7780647278
265,16.1809997559,17.4850730896
266,16.422000885,17.2401618958
267,14.8120002747,17.0593833923
268,15.4560003281,16.9462356567
269,14.9729995728,16.8588371277
270,15.4560003281,16.7648086548
271,15.1339998245,16.7347717285
272,15.6169996262,16.7522621155
273,15.7779998779,16.8537101746
274,15.6979999542,17.3334007263
275,17.4689998627,17.9773635864
276,18.3540000916,18.5428390503
277,20.2049999237,19.3101806641
278,20.6079998016,20.3107719421
279,20.3659992218,21.258644104
280,20.6879997253,25.4781913757
281,21.3330001831,25.0734329224
282,25.4379997253,27.9839706421
283,29.1410007477,30.0643768311
284,29.7849998474,31.8328018188
285,31.8780002594,33.2369537354
286,33.1660003662,33.5971298218
287,32.84400177,33.8981552124
288,32.9239997864,34.1005325317
289,34.7760009766,34.0764122009
290,34.5349998474,34.1898880005
291,36.1450004578,34.4224739075
292,36.3860015869,34.6865348816
293,37.0299987793,35.1060791016
294,37.2709999084,36.1530609131
295,38.1570014954,36.6129074097
296,39.4449996948,35.9288444519
297,36.6269989014,33.4008979797
298,29.7849998474,29.3108940125
299,26.7259998322,26.4993438721
300,26.7259998322,25.4251670837
301,28.3360004425,25.6059684753
302,28.5769996643,26.6190338135
303,31.6359996796,27.8977355957
304,32.2000007629,29.7251663208
305,32.763999939,30.9358100891
306,34.9370002747,31.1832275391
307,34.4539985657,31.3719444275
308,34.0509986877,31.484954834
309,34.0509986877,31.5821990967
310,34.0509986877,31.6661911011
311,33.6489982605,31.7406845093
312,33.9710006714,31.8048477173
313,34.0509986877,31.8570404053
314,34.3740005493,31.8964538574
315,35.4199981689,31.9229278564
316,34.9370002747,31.9361915588
317,35.016998291,31.9353561401
318,35.5,31.9160270691
319,34.6150016785,31.8659896851
320,34.5349998474,29.0764350891
321,33.408000946,29.3787765503
322,31.4759998322,30.2700805664
323,30.8309993744,30.1973228455
324,30.5100002289,30.4477577209
325,30.9120006561,29.966178894
326,30.4290008545,29.1949653625
327,28.9799995422,28.7013130188
328,30.3479995728,28.749130249
329,29.0599994659,29.1251068115
330,29.9459991455,29.3427124023
331,29.7049999237,29.3472900391
332,29.7849998474,29.0961036682
333,28.7390003204,28.4878883362
334,27.611000061,27.6707954407
335,27.611000061,26.9908180237
336,26.0009994507,26.3135719299
337,25.3579998016,25.238445282
338,24.9549999237,23.9154586792
339,23.5060005188,22.718082428
340,21.4130001068,21.6895179749
341,21.2520008087,21.1325263977
342,20.125,20.8642578125
343,21.4130001068,21.2584648132
344,20.7689990997,21.6788024902
345,23.0230007172,21.9269828796
346,22.3789997101,21.9445838928
347,21.6539993286,21.5819244385
348,21.2520008087,21.3617973328
349,21.4930000305,20.9374351501
350,21.7350006104,20.432888031
351,21.4130001068,20.2679138184
352,20.6879997253,20.0888900757
353,20.4470005035,19.9190826416
354,20.6879997253,19.8581504822
355,20.2049999237,19.7145385742
356,20.4470005035,19.5162467957
357,19.3199996948,19.2774162292
358,19.8829994202,18.9922866821
359,18.9979991913,18.6752090454
360,19.079000473,20.7242889404
361,19.079000473,18.1567115784
362,19.079000473,17.5875244141
363,18.031999588,17.1743431091
364,18.2740001678,17.0194091797
365,18.1930007935,16.7130584717
366,18.2740001678,16.5658416748
367,18.031999588,16.59973526
368,18.4340000153,16.686882019
369,17.9510002136,16.8448524475
370,19.079000473,17.2599945068
371,19.8829994202,17.8000831604
372,19.8829994202,18.3209495544
373,21.4930000305,19.1661987305
374,21.8959999084,20.3328399658
375,21.9759998322,21.2069244385
376,22.5400009155,22.2300567627
377,23.263999939,23.7841377258
378,25.5990009308,26.2844696045
379,28.9799995422,29.0159797668
380,30.9930000305,30.7962799072
381,32.2799987793,32.4840698242
382,32.9239997864,33.2872390747
383,33.5690002441,33.7288208008
384,34.2130012512,34.1238059998
385,33.7290000916,34.360496521
386,34.6949996948,34.5523643494
387,34.6150016785,34.7128219604
388,34.6150016785,34.8885383606
389,34.6949996948,35.4461593628
390,34.5349998474,36.4593467712
391,35.1790008545,36.5859375
392,35.0979995728,36.0720710754
393,33.4879989624,34.7850418091
394,26.8869991302,31.3685417175
395,24.9549999237,26.7350120544
396,25.7600002289,25.6151161194
397,25.4379997253,25.572227478
398,27.1280002594,26.4458503723
399,30.5900001526,27.5674743652
400,30.6700000763,29.1844940186
401,32.361000061,32.6451530457
402,32.84400177,31.572769165
403,33.0849990845,30.881729126
404,31.3950004578,31.5911865234
405,31.9580001831,32.2071456909
406,32.2000007629,32.1981506348
407,32.361000061,32.0690689087
408,32.2000007629,31.9634246826
409,32.2799987793,31.8966712952
410,33.3269996643,31.8636245728
411,33.7290000916,31.8500061035
412,32.763999939,31.8353500366
413,34.3740005493,31.7916564941
414,34.2130012512,31.6753730774
415,34.3740005493,31.406955719
416,34.0509986877,30.8471107483
417,33.7290000916,29.8901176453
418,30.5100002289,28.8433799744
419,30.0259990692,28.2716026306
420,29.5429992676,28.1630096436
421,29.6240005493,28.3341407776
422,28.4969997406,28.7999267578
423,28.8990001678,29.4355278015
424,28.8190002441,29.7051734924
425,28.7390003204,29.7046813965
426,28.658000946,29.6269378662
427,28.5769996643,29.3309173584
428,28.2549991608,28.7009124756
429,28.1749992371,27.8980522156
430,27.2889995575,27.3166885376
431,26.968000412,26.8151931763
432,25.5990009308,25.9200897217
433,24.7940006256,24.6016044617
434,24.2299995422,23.4084663391
435,23.0230007172,22.3432502747
436,21.8159999847,21.4759864807
437,20.8500003815,21.0067443848
438,21.0909996033,20.800579071
439,21.9759998322,21.3330535889
440,22.7010002136,28.0347290039
441,22.7010002136,23.5786247253
442,22.6210002899,25.1444892883
443,21.9759998322,24.0434112549
444,21.7350006104,22.6700439453
445,21.170999527,20.7856407166
446,21.7350006104,20.4013023376
447,22.2989997864,20.2027778625
448,22.2989997864,20.2321739197
449,21.5739994049,20.3997650146
450,20.3659992218,20.108757019
451,20.2049999237,19.9562606812
452,20.3659992218,19.7638587952
453,19.9640007019,19.4861564636
454,18.9169998169,19.1229972839
455,19.3199996948,18.7249145508
456,18.2740001678,18.3295478821
457,17.6289997101,17.9609909058
458,18.1930007935,17.6408805847
459,18.4340000153,17.3925971985
460,18.6760005951,17.2314414978
461,18.5949993134,17.1292076111
462,18.3540000916,17.0540771484
463,17.6289997101,16.9844894409
464,19.2399997711,16.9378013611
465,18.9979991913,17.0520324707
466,17.9510002136,17.5942802429
467,19.6420001984,18.1562957764
468,19.8029994965,18.7741394043
469,21.9759998322,19.6010055542
470,22.9419994354,20.6667175293
471,22.4589996338,21.6467590332
472,22.9419994354,22.7501869202
473,24.0690002441,23.8973274231
474,25.920999527,26.6988945007
475,28.5769996643,29.220287323
476,30.5100002289,31.3091583252
477,32.2000007629,32.5692214966
478,31.716999054,33.1430969238
479,33.2459983826,33.5037612915
480,33.9710006714,27.2727584839
481,34.2130012512,32.1845970154
482,34.2130012512,33.0582427979
483,34.8559989929,33.9808998108
484,34.9370002747,34.8207092285
485,35.0979995728,35.802406311
486,36.4659996033,37.2076568604
487,37.5929985046,36.9035873413
488,37.5130004883,36.3446464539
489,33.2459983826,34.4666213989
490,26.4839992523,29.3236274719
491,23.5869998932,25.9704856873
492,24.5520000458,25.2093391418
493,25.6800003052,25.2418441772
494,26.0009994507,26.4641494751
495,28.3360004425,27.8937034607
496,30.107000351,29.6270637512
497,30.6700000763,30.762928009
498,31.8780002594,31.0153312683
499,32.5219993591,31.2562408447
500,31.5559997559,31.4331207275
501,31.313999176,31.5779876709
502,32.0390014648,31.6878738403
503,32.5219993591,31.768737793
504,32.2799987793,31.8251876831
505,32.0390014648,31.8596954346
506,31.7980003357,31.8712654114
507,31.9580001831,31.8510971069
508,31.3950004578,31.7729034424
509,31.6359996796,31.5706558228
510,31.1529998779,31.1011123657
511,30.9930000305,30.1987838745
512,31.0729999542,29.0811958313
513,29.8649997711,28.3211898804
514,27.2089996338,27.9778785706
515,27.4510002136,27.9612464905
516,26.6459999084,28.1005897522
517,26.6459999084,28.3291740417
518,26.0009994507,28.7209777832
519,27.2889995575,29.2528266907
520,27.9340000153,28.5536575317
521,28.2549991608,27.0651626587
522,28.9799995422,27.7046699524
523,29.2220001221,28.0559120178
524,29.4629993439,28.0867805481
525,29.3020000458,27.8943328857
526,28.0939998627,27.8035964966
527,28.2549991608,27.4484825134
528,27.3700008392,26.6911354065
529,25.517999649,25.664188385
530,25.1959991455,24.5256462097
531,23.9090003967,23.3105201721
532,21.8959999084,22.0960998535
533,20.4470005035,21.3145942688
534,21.2520008087,20.9803695679
535,21.5739994049,21.2125244141
536,21.4930000305,21.5737915039
537,22.1369991302,21.818649292
538,22.5400009155,21.9553527832
539,21.3330001831,21.6175765991
540,21.5739994049,21.4034080505
541,21.4930000305,20.8949966431
542,20.6079998016,20.3237419128
543,22.3789997101,20.402961731
544,21.8159999847,20.2986106873
545,20.8500003815,20.1243858337
546,21.0909996033,20.0156097412
547,21.170999527,19.8588180542
548,21.3330001831,19.6562919617
549,20.2049999237,19.3865966797
550,19.2399997711,19.0680503845
551,19.3999996185,18.7232170105
552,19.5620002747,18.3608856201
553,18.9169998169,17.9886054993
554,18.5949993134,17.6298980713
555,18.5149993896,17.3238182068
556,18.5949993134,17.1132888794
557,18.1119995117,16.9864997864
558,18.9169998169,16.9156990051
559,17.8710002899,16.9265060425
