,true_data,pre_data
0,33.3269996643,26.0763225555
1,34.2929992676,29.5274562836
2,33.6489982605,32.8363647461
3,34.6150016785,33.6487731934
4,35.2589988708,33.7403488159
5,36.547000885,34.2792015076
6,36.9500007629,35.610244751
7,37.8349990845,35.8599967957
8,37.6739997864,35.5637130737
9,34.7760009766,34.2509155273
10,27.2889995575,29.9894180298
11,25.4379997253,25.4715175629
12,25.3579998016,24.692522049
13,25.5990009308,24.788225174
14,28.0939998627,26.0583114624
15,28.9799995422,28.0012378693
16,31.0729999542,30.6524868011
17,30.5900001526,31.800611496
18,32.0390014648,31.9882411957
19,31.2339992523,32.2500457764
20,31.6359996796,32.4049873352
21,32.4410018921,32.4961547852
22,30.9120006561,32.5459289551
23,30.3479995728,32.5713806152
24,31.5559997559,32.58152771
25,31.4759998322,32.5803604126
26,32.2000007629,32.5685043335
27,31.5559997559,32.5434303284
28,32.361000061,32.4976882935
29,32.9239997864,32.4166412354
30,33.2459983826,32.2705039978
31,32.763999939,32.0047683716
32,32.1189994812,31.5306682587
33,31.716999054,30.7783946991
34,27.6919994354,29.8688430786
35,25.517999649,29.0951042175
36,25.7600002289,28.6363067627
37,27.0480003357,28.5771369934
38,27.2089996338,28.6917896271
39,27.6919994354,28.8620853424
40,28.5769996643,29.305229187
41,28.658000946,28.2836532593
42,29.3819999695,26.6746730804
43,29.8649997711,27.056678772
44,29.8649997711,27.7848834991
45,28.5769996643,27.708316803
46,28.1749992371,27.8206920624
47,27.3700008392,28.0177383423
48,26.8059997559,27.811378479
49,25.0349998474,26.9925060272
50,24.7129993439,25.6391162872
51,23.5869998932,24.1287212372
52,23.0230007172,22.9926815033
53,21.6539993286,22.302066803
54,19.5620002747,21.6951942444
55,22.1369991302,21.3009109497
56,21.4930000305,21.3190860748
57,22.7810001373,21.6020050049
58,22.6210002899,21.6276512146
59,22.7810001373,21.6608219147
60,22.4589996338,21.7302188873
61,20.2049999237,21.3044013977
62,20.4470005035,21.3095684052
63,19.8829994202,21.4544391632
64,20.125,21.1425189972
65,19.8829994202,21.0441169739
66,19.6420001984,21.0085773468
67,18.9169998169,20.8429584503
68,19.3199996948,20.5789585114
69,20.125,20.2633876801
70,18.6760005951,19.9218235016
71,19.3199996948,19.5655765533
72,18.5149993896,19.2036190033
73,17.7910003662,18.8360843658
74,17.2269992828,18.4592018127
75,17.4689998627,18.0778064728
76,17.0659999847,17.7232837677
77,16.6630001068,17.4816799164
78,15.6979999542,17.4418869019
79,15.2950000763,17.4747028351
80,15.5360002518,23.9423465729
81,15.6169996262,21.2722015381
82,16.422000885,18.5930786133
83,17.3880004883,17.7789211273
84,17.6289997101,17.9783248901
85,18.7569999695,18.9303874969
86,20.0450000763,20.0907649994
87,21.3330001831,20.8482131958
88,21.5739994049,21.6780986786
89,22.218000412,22.9109897614
90,25.2770004272,25.0332126617
91,28.3360004425,27.9443435669
92,30.6700000763,29.7274494171
93,31.7980003357,30.930273056
94,32.361000061,32.6352424622
95,32.84400177,32.909072876
96,32.6030006409,33.0543899536
97,32.6030006409,33.2830352783
98,32.9239997864,33.5283355713
99,34.0509986877,33.8191871643
100,34.3740005493,34.0762939453
101,33.6489982605,34.3258895874
102,35.1790008545,34.9615974426
103,36.063999176,36.1532058716
104,35.7420005798,36.1418418884
105,33.8100013733,34.5744590759
106,26.5650005341,29.8929195404
107,24.4720001221,24.8919219971
108,24.1499996185,23.9289264679
109,24.875,24.3996067047
110,26.0820007324,25.3074951172
111,28.1749992371,26.5785961151
112,28.9799995422,29.0388698578
113,30.3479995728,30.1569576263
114,30.9930000305,30.2053432465
115,30.9120006561,30.4129619598
116,31.0729999542,30.5154628754
117,29.8649997711,30.544801712
118,30.4290008545,30.5275096893
119,30.5100002289,30.4868297577
120,31.0729999542,28.0085430145
121,30.5100002289,30.1020030975
122,32.1189994812,29.6510601044
123,31.2339992523,29.1799163818
124,30.9120006561,29.9490070343
125,30.9120006561,30.4015216827
126,32.0390014648,30.3245716095
127,30.267999649,30.2511501312
128,30.0259990692,30.0676593781
129,29.4629993439,29.7260532379
130,26.2430000305,29.1555652618
131,25.5990009308,28.3234081268
132,26.6459999084,27.3123874664
133,27.2889995575,26.4431552887
134,26.4039993286,26.1405792236
135,27.1280002594,26.2904567719
136,28.5769996643,26.6967639923
137,28.4969997406,27.1205291748
138,28.8190002441,27.3245830536
139,28.8990001678,27.4118480682
140,28.9799995422,27.3911571503
141,27.8530006409,27.1451244354
142,27.3700008392,26.4651374817
143,26.5650005341,25.3550605774
144,25.6800003052,24.3647670746
145,24.311000824,23.611120224
146,23.263999939,22.5479946136
147,23.263999939,21.3319187164
148,21.8159999847,20.4266147614
149,20.4470005035,19.8609237671
150,18.9979991913,19.6082897186
151,20.6879997253,20.0139408112
152,20.6879997253,20.4187412262
153,21.0100002289,20.4821987152
154,20.9300003052,20.2716388702
155,19.8829994202,20.1164646149
156,20.0450000763,20.2133140564
157,19.1590003967,19.9008960724
158,19.3999996185,19.90807724
159,18.5149993896,19.8407039642
160,19.4810009003,21.4970664978
161,18.9169998169,17.5165538788
162,19.1590003967,19.628490448
163,18.8369998932,20.0491657257
164,18.3540000916,19.8609390259
165,17.8710002899,19.7144966125
166,18.2740001678,19.4694232941
167,18.8369998932,19.2025547028
168,17.3880004883,18.9022121429
169,16.7439994812,18.5752792358
170,17.0659999847,18.2351741791
171,16.986000061,17.8991947174
172,16.6630001068,17.5922489166
173,16.1809997559,17.3424777985
174,16.8239994049,17.1771316528
175,16.3409996033,17.0902462006
176,17.2269992828,17.0201816559
177,16.6630001068,16.9401760101
178,17.7099990845,17.061340332
179,17.5489997864,17.7262783051
180,18.7569999695,18.3823337555
181,19.2399997711,18.9011230469
182,20.0450000763,19.8256015778
183,20.125,20.8681793213
184,20.2859992981,21.7257575989
185,20.6079998016,23.2580699921
186,23.5869998932,25.5764522552
187,26.6459999084,28.1017818451
188,27.2889995575,30.1963253021
189,28.658000946,31.7569255829
190,29.1410007477,32.4759674072
191,29.7049999237,32.7555084229
192,30.107000351,33.0329742432
193,30.5900001526,33.2252235413
194,30.4290008545,33.4376754761
195,31.313999176,33.6687393188
196,32.2000007629,33.9103851318
197,31.7980003357,34.2402038574
198,33.4879989624,35.1402053833
199,33.3269996643,36.1717338562
200,33.1660003662,26.7799396515
201,31.5559997559,30.8394756317
202,25.2770004272,32.3614082336
203,22.5400009155,31.7178783417
204,22.6210002899,30.129240036
205,23.4249992371,27.8837471008
206,23.0230007172,26.171251297
207,25.1959991455,26.2577991486
208,26.4039993286,28.1347923279
209,28.1749992371,29.8552455902
210,28.658000946,30.0891017914
211,28.2549991608,30.1744480133
212,29.1410007477,30.2685642242
213,28.4169998169,30.3148784637
214,28.5769996643,30.3260440826
215,28.013999939,30.3116054535
216,28.4169998169,30.2808589935
217,27.8530006409,30.235326767
218,28.658000946,30.1698360443
219,28.9799995422,30.0687465668
220,29.7849998474,29.9064159393
221,29.3819999695,29.65691185
222,29.2220001221,29.3315982819
223,29.0599994659,29.0054416656
224,29.3020000458,28.7143993378
225,28.4969997406,28.3677005768
226,26.0009994507,27.8597373962
227,24.7940006256,27.1162414551
228,25.5990009308,26.3304767609
229,24.3920001984,26.061548233
230,23.7469997406,26.2281169891
231,24.311000824,26.562669754
232,25.0349998474,27.015417099
233,25.2770004272,27.2887248993
234,26.3229999542,27.4092693329
235,26.0009994507,27.4835720062
236,26.4039993286,27.5264320374
237,25.3579998016,27.5186233521
238,24.7129993439,27.3818359375
239,23.827999115,26.921081543
240,22.8619995117,28.8068084717
241,21.8159999847,26.3383674622
242,21.2520008087,23.9731693268
243,20.6079998016,23.6170139313
244,19.8829994202,22.6227664948
245,18.8369998932,21.672832489
246,17.7910003662,20.9974765778
247,18.2740001678,20.3688049316
248,19.6420001984,20.0261592865
249,19.5620002747,20.019733429
250,19.1590003967,20.5091075897
251,19.3999996185,20.4009914398
252,18.4340000153,19.9230003357
253,18.4340000153,20.0476875305
254,18.5149993896,19.3166332245
255,18.2740001678,18.9707317352
256,17.3880004883,18.7788314819
257,17.1459999084,18.498260498
258,16.7439994812,18.2012081146
259,16.6630001068,17.9061203003
260,17.0659999847,17.6145763397
261,17.3069992065,17.3309993744
262,18.1119995117,17.0437602997
263,17.4689998627,16.7542896271
264,17.0659999847,16.4716510773
265,16.1809997559,16.2088108063
266,16.422000885,15.9838447571
267,14.8120002747,15.8226222992
268,15.4560003281,15.7559947968
269,14.9729995728,15.7976417542
270,15.4560003281,15.9424190521
271,15.1339998245,16.1559562683
272,15.6169996262,16.3527336121
273,15.7779998779,16.5661640167
274,15.6979999542,17.114282608
275,17.4689998627,18.1086750031
276,18.3540000916,18.7444458008
277,20.2049999237,19.5493087769
278,20.6079998016,20.6877918243
279,20.3659992218,21.5358734131
280,20.6879997253,24.9666118622
281,21.3330001831,26.0307617188
282,25.4379997253,26.0559673309
283,29.1410007477,29.131690979
284,29.7849998474,31.0533428192
285,31.8780002594,32.4342346191
286,33.1660003662,33.107749939
287,32.84400177,33.5437774658
288,32.9239997864,33.878578186
289,34.7760009766,33.9586296082
290,34.5349998474,34.017539978
291,36.1450004578,34.1766662598
292,36.3860015869,34.4268302917
293,37.0299987793,34.9646987915
294,37.2709999084,36.228263855
295,38.1570014954,36.8445663452
296,39.4449996948,36.3230934143
297,36.6269989014,34.1026153564
298,29.7849998474,28.8147010803
299,26.7259998322,25.1264476776
300,26.7259998322,24.4798908234
301,28.3360004425,25.0157814026
302,28.5769996643,26.241153717
303,31.6359996796,28.2012729645
304,32.2000007629,30.8232364655
305,32.763999939,31.5762119293
306,34.9370002747,31.9346065521
307,34.4539985657,32.2437973022
308,34.0509986877,32.3996429443
309,34.0509986877,32.4836463928
310,34.0509986877,32.5282745361
311,33.6489982605,32.5522232056
312,33.9710006714,32.5643005371
313,34.0509986877,32.5690956116
314,34.3740005493,32.5685653687
315,35.4199981689,32.5635604858
316,34.9370002747,32.5531997681
317,35.016998291,32.5360488892
318,35.5,32.5084609985
319,34.6150016785,32.4654464722
320,34.5349998474,28.8957939148
321,33.408000946,29.4138431549
322,31.4759998322,28.4704818726
323,30.8309993744,28.8004627228
324,30.5100002289,30.2730617523
325,30.9120006561,30.6002788544
326,30.4290008545,30.2776622772
327,28.9799995422,29.6838741302
328,30.3479995728,29.1045627594
329,29.0599994659,28.9496364594
330,29.9459991455,29.2311630249
331,29.7049999237,29.5279655457
332,29.7849998474,29.6502132416
333,28.7390003204,29.5521259308
334,27.611000061,29.1177501678
335,27.611000061,28.3136119843
336,26.0009994507,27.4043960571
337,25.3579998016,26.5181560516
338,24.9549999237,25.3285007477
339,23.5060005188,23.9080696106
340,21.4130001068,22.8663330078
341,21.2520008087,22.186296463
342,20.125,21.5758800507
343,21.4130001068,21.1771373749
344,20.7689990997,21.1024417877
345,23.0230007172,21.4611682892
346,22.3789997101,21.6032466888
347,21.6539993286,21.5278224945
348,21.2520008087,21.1921787262
349,21.4930000305,20.7661094666
350,21.7350006104,20.6146736145
351,21.4130001068,20.3288841248
352,20.6879997253,19.958147049
353,20.4470005035,19.9786739349
354,20.6879997253,19.821685791
355,20.2049999237,19.5614700317
356,20.4470005035,19.2428455353
357,19.3199996948,18.9054012299
358,19.8829994202,18.5761871338
359,18.9979991913,18.2597885132
360,19.079000473,21.8447856903
361,19.079000473,19.212480545
362,19.079000473,18.0842647552
363,18.031999588,17.6935424805
364,18.2740001678,17.2082901001
365,18.1930007935,16.8189964294
366,18.2740001678,16.5282726288
367,18.031999588,16.403470993
368,18.4340000153,16.4280185699
369,17.9510002136,16.5386753082
370,19.079000473,16.7556476593
371,19.8829994202,17.2817363739
372,19.8829994202,18.0550746918
373,21.4930000305,18.6741924286
374,21.8959999084,19.5284919739
375,21.9759998322,20.6983470917
376,22.5400009155,21.6532001495
377,23.263999939,22.9985637665
378,25.5990009308,24.820602417
379,28.9799995422,27.5782146454
380,30.9930000305,30.1953792572
381,32.2799987793,31.8225231171
382,32.9239997864,32.9943389893
383,33.5690002441,33.4425735474
384,34.2130012512,33.8706359863
385,33.7290000916,34.2718658447
386,34.6949996948,34.5073928833
387,34.6150016785,34.6319847107
388,34.6150016785,34.7125473022
389,34.6949996948,35.0031738281
390,34.5349998474,36.0605773926
391,35.1790008545,36.8172683716
392,35.0979995728,36.6099014282
393,33.4879989624,35.4985275269
394,26.8869991302,31.3371181488
395,24.9549999237,25.8547801971
396,25.7600002289,24.6427078247
397,25.4379997253,25.0016708374
398,27.1280002594,26.1341648102
399,30.5900001526,27.5768318176
400,30.6700000763,27.8369064331
401,32.361000061,31.0886974335
402,32.84400177,31.6713619232
403,33.0849990845,31.1049022675
404,31.3950004578,30.7240200043
405,31.9580001831,31.0682163239
406,32.2000007629,31.6368045807
407,32.361000061,31.9313640594
408,32.2000007629,32.1190071106
409,32.2799987793,32.2436218262
410,33.3269996643,32.3176460266
411,33.7290000916,32.3539581299
412,32.763999939,32.3600349426
413,34.3740005493,32.3346862793
414,34.2130012512,32.2666893005
415,34.3740005493,32.1318626404
416,34.0509986877,31.8811092377
417,33.7290000916,31.4256801605
418,30.5100002289,30.6430034637
419,30.0259990692,29.5711975098
420,29.5429992676,28.7591495514
421,29.6240005493,28.6035289764
422,28.4969997406,28.7160186768
423,28.8990001678,28.9181270599
424,28.8190002441,29.3116397858
425,28.7390003204,29.7879047394
426,28.658000946,30.0287418365
427,28.5769996643,30.1059932709
428,28.2549991608,30.0500011444
429,28.1749992371,29.7304153442
430,27.2889995575,29.0141506195
431,26.968000412,28.1185684204
432,25.5990009308,27.4262714386
433,24.7940006256,26.6892566681
434,24.2299995422,25.5303173065
435,23.0230007172,24.1576766968
436,21.8159999847,23.1139163971
437,20.8500003815,22.4376544952
438,21.0909996033,21.8679561615
439,21.9759998322,21.4860210419
440,22.7010002136,29.819562912
441,22.7010002136,26.3220748901
442,22.6210002899,24.9000358582
443,21.9759998322,23.3922100067
444,21.7350006104,22.9442501068
445,21.170999527,21.4579982758
446,21.7350006104,20.3467578888
447,22.2989997864,19.6184101105
448,22.2989997864,20.4170017242
449,21.5739994049,20.2333812714
450,20.3659992218,20.161272049
451,20.2049999237,20.0429420471
452,20.3659992218,19.7166957855
453,19.9640007019,19.3197002411
454,18.9169998169,18.9037227631
455,19.3199996948,18.4893112183
456,18.2740001678,18.0891666412
457,17.6289997101,17.7178726196
458,18.1930007935,17.3815784454
459,18.4340000153,17.080286026
460,18.6760005951,16.8261013031
461,18.5949993134,16.6538715363
462,18.3540000916,16.6071929932
463,17.6289997101,16.6571903229
464,19.2399997711,16.7099151611
465,18.9979991913,16.7700786591
466,17.9510002136,17.0337543488
467,19.6420001984,17.9072971344
468,19.8029994965,18.6613731384
469,21.9759998322,19.334394455
470,22.9419994354,20.4789714813
471,22.4589996338,21.439245224
472,22.9419994354,22.5407047272
473,24.0690002441,24.339345932
474,25.920999527,27.1362171173
475,28.5769996643,29.8119907379
476,30.5100002289,32.0361328125
477,32.2000007629,32.6641654968
478,31.716999054,33.0734710693
479,33.2459983826,33.3661727905
480,33.9710006714,26.1356391907
481,34.2130012512,29.5132350922
482,34.2130012512,32.7821044922
483,34.8559989929,33.553855896
484,34.9370002747,33.615398407
485,35.0979995728,34.2602119446
486,36.4659996033,35.5825653076
487,37.5929985046,35.7880859375
488,37.5130004883,35.4733772278
489,33.2459983826,34.1216392517
490,26.4839992523,29.7743148804
491,23.5869998932,25.2139015198
492,24.5520000458,24.3931427002
493,25.6800003052,24.5051937103
494,26.0009994507,25.8003253937
495,28.3360004425,27.8008441925
496,30.107000351,30.5511608124
497,30.6700000763,31.5837917328
498,31.8780002594,31.8445034027
499,32.5219993591,32.1496047974
500,31.5559997559,32.3225326538
501,31.313999176,32.4222984314
502,32.0390014648,32.4764862061
503,32.5219993591,32.5043106079
504,32.2799987793,32.5155181885
505,32.0390014648,32.5141487122
506,31.7980003357,32.5001373291
507,31.9580001831,32.4691619873
508,31.3950004578,32.4099197388
509,31.6359996796,32.3002929688
510,31.1529998779,32.0976982117
511,30.9930000305,31.7331295013
512,31.0729999542,31.1318683624
513,29.8649997711,30.3321399689
514,27.2089996338,29.5432338715
515,27.4510002136,28.882106781
516,26.6459999084,28.5147418976
517,26.6459999084,28.5223560333
518,26.0009994507,28.6487598419
519,27.2889995575,28.819026947
520,27.9340000153,29.1801986694
521,28.2549991608,28.0332012177
522,28.9799995422,26.4640312195
523,29.2220001221,26.898651123
524,29.4629993439,27.5982303619
525,29.3020000458,27.5118999481
526,28.0939998627,27.6601772308
527,28.2549991608,27.9059429169
528,27.3700008392,27.7732067108
529,25.517999649,27.0590648651
530,25.1959991455,25.8313674927
531,23.9090003967,24.3857021332
532,21.8959999084,23.1546802521
533,20.4470005035,22.3778686523
534,21.2520008087,21.7296733856
535,21.5739994049,21.2501544952
536,21.4930000305,21.1448230743
537,22.1369991302,21.4363384247
538,22.5400009155,21.5296630859
539,21.3330001831,21.5033054352
540,21.5739994049,21.3561573029
541,21.4930000305,20.7192687988
542,20.6079998016,20.5926418304
543,22.3789997101,20.5737133026
544,21.8159999847,20.0550727844
545,20.8500003815,19.9929332733
546,21.0909996033,19.8443183899
547,21.170999527,19.6055736542
548,21.3330001831,19.317949295
549,20.2049999237,19.0001621246
550,19.2399997711,18.6732234955
551,19.3999996185,18.34466362
552,19.5620002747,18.017332077
553,18.9169998169,17.6861190796
554,18.5949993134,17.3529720306
555,18.5149993896,17.0314502716
556,18.5949993134,16.7472648621
557,18.1119995117,16.5606021881
558,18.9169998169,16.5525341034
559,17.8710002899,16.6822433472
