,true_data,pre_data
0,33.3269996643,31.4500312805
1,34.2929992676,34.7248649597
2,33.6489982605,34.4674491882
3,34.6150016785,34.0736351013
4,35.2589988708,34.2804603577
5,36.547000885,35.0573577881
6,36.9500007629,35.9025154114
7,37.8349990845,36.8104629517
8,37.6739997864,36.7092399597
9,34.7760009766,33.7109642029
10,27.2889995575,27.6463680267
11,25.4379997253,25.0296001434
12,25.3579998016,24.4722480774
13,25.5990009308,24.85795784
14,28.0939998627,26.0030727386
15,28.9799995422,28.244808197
16,31.0729999542,30.2336120605
17,30.5900001526,31.4001197815
18,32.0390014648,32.0246353149
19,31.2339992523,32.0851325989
20,31.6359996796,31.999546051
21,32.4410018921,31.9164085388
22,30.9120006561,31.877910614
23,30.3479995728,31.8810157776
24,31.5559997559,31.9099388123
25,31.4759998322,31.9559364319
26,32.2000007629,32.0283164978
27,31.5559997559,32.1370506287
28,32.361000061,32.2683029175
29,32.9239997864,32.3793563843
30,33.2459983826,32.3842048645
31,32.763999939,32.1202507019
32,32.1189994812,31.1982383728
33,31.716999054,29.5314331055
34,27.6919994354,28.4992370605
35,25.517999649,28.2845478058
36,25.7600002289,28.3221168518
37,27.0480003357,28.5031528473
38,27.2089996338,28.7801818848
39,27.6919994354,29.1152877808
40,28.5769996643,28.1921463013
41,28.658000946,29.2846107483
42,29.3819999695,29.4547748566
43,29.8649997711,29.4635219574
44,29.8649997711,29.5110588074
45,28.5769996643,29.5587615967
46,28.1749992371,29.4531707764
47,27.3700008392,28.9079170227
48,26.8059997559,28.084072113
49,25.0349998474,27.0311756134
50,24.7129993439,25.9372844696
51,23.5869998932,25.014087677
52,23.0230007172,23.9433784485
53,21.6539993286,22.8703765869
54,19.5620002747,21.8765144348
55,22.1369991302,21.1719665527
56,21.4930000305,21.1720581055
57,22.7810001373,21.5878429413
58,22.6210002899,22.3348808289
59,22.7810001373,22.1554718018
60,22.4589996338,21.9860954285
61,20.2049999237,20.9465866089
62,20.4470005035,20.8998718262
63,19.8829994202,20.9020690918
64,20.125,20.7867927551
65,19.8829994202,20.8157520294
66,19.6420001984,20.8477993011
67,18.9169998169,20.4971656799
68,19.3199996948,20.3085327148
69,20.125,20.1065330505
70,18.6760005951,19.8233127594
71,19.3199996948,19.4447593689
72,18.5149993896,19.0034980774
73,17.7910003662,18.5442276001
74,17.2269992828,18.1182079315
75,17.4689998627,17.7633666992
76,17.0659999847,17.4967937469
77,16.6630001068,17.357421875
78,15.6979999542,17.4259986877
79,15.2950000763,17.4802360535
80,15.5360002518,18.3083724976
81,15.6169996262,17.0012741089
82,16.422000885,17.1093711853
83,17.3880004883,17.5157718658
84,17.6289997101,18.3539638519
85,18.7569999695,18.8759174347
86,20.0450000763,19.8608131409
87,21.3330001831,20.8782520294
88,21.5739994049,21.7868556976
89,22.218000412,23.4815502167
90,25.2770004272,26.762008667
91,28.3360004425,29.8116416931
92,30.6700000763,31.6184196472
93,31.7980003357,32.6000785828
94,32.361000061,33.0427131653
95,32.84400177,33.5433311462
96,32.6030006409,34.0570716858
97,32.6030006409,34.4286155701
98,32.9239997864,34.7706794739
99,34.0509986877,34.9810447693
100,34.3740005493,35.0591621399
101,33.6489982605,35.23960495
102,35.1790008545,36.1544876099
103,36.063999176,37.3271598816
104,35.7420005798,37.360042572
105,33.8100013733,36.1773529053
106,26.5650005341,31.9103851318
107,24.4720001221,28.1923522949
108,24.1499996185,26.864900589
109,24.875,26.4268188477
110,26.0820007324,27.0180358887
111,28.1749992371,29.2344398499
112,28.9799995422,31.4034690857
113,30.3479995728,32.284576416
114,30.9930000305,32.7862358093
115,30.9120006561,32.982509613
116,31.0729999542,33.0291099548
117,29.8649997711,32.9245872498
118,30.4290008545,32.7376441956
119,30.5100002289,32.5194282532
120,31.0729999542,31.1404838562
121,30.5100002289,31.0768165588
122,32.1189994812,30.8669929504
123,31.2339992523,30.6582221985
124,30.9120006561,31.1748542786
125,30.9120006561,31.049369812
126,32.0390014648,30.882900238
127,30.267999649,30.576915741
128,30.0259990692,30.2048225403
129,29.4629993439,29.6583976746
130,26.2430000305,28.7578468323
131,25.5990009308,27.5462112427
132,26.6459999084,26.7438011169
133,27.2889995575,26.552362442
134,26.4039993286,26.6457023621
135,27.1280002594,27.0940952301
136,28.5769996643,27.9546813965
137,28.4969997406,28.3590679169
138,28.8190002441,28.3151435852
139,28.8990001678,28.1423873901
140,28.9799995422,27.7511024475
141,27.8530006409,27.0465927124
142,27.3700008392,26.3347473145
143,26.5650005341,25.6302375793
144,25.6800003052,24.5350952148
145,24.311000824,23.7266979218
146,23.263999939,22.9835186005
147,23.263999939,22.0814762115
148,21.8159999847,21.0881061554
149,20.4470005035,20.3035831451
150,18.9979991913,19.9058113098
151,20.6879997253,19.8536949158
152,20.6879997253,20.0854911804
153,21.0100002289,20.3328208923
154,20.9300003052,20.8174171448
155,19.8829994202,21.0386047363
156,20.0450000763,20.8319377899
157,19.1590003967,19.9612903595
158,19.3999996185,19.5535469055
159,18.5149993896,19.5749263763
160,19.4810009003,20.1710968018
161,18.9169998169,20.7236213684
162,19.1590003967,20.7767353058
163,18.8369998932,20.2261505127
164,18.3540000916,19.9835948944
165,17.8710002899,19.5883865356
166,18.2740001678,19.3092727661
167,18.8369998932,19.0161476135
168,17.3880004883,18.7188224792
169,16.7439994812,18.4011230469
170,17.0659999847,18.073348999
171,16.986000061,17.7472019196
172,16.6630001068,17.4595527649
173,16.1809997559,17.2935256958
174,16.8239994049,17.2809753418
175,16.3409996033,17.1052093506
176,17.2269992828,16.9153442383
177,16.6630001068,16.9540405273
178,17.7099990845,17.0426177979
179,17.5489997864,17.3001766205
180,18.7569999695,17.5694999695
181,19.2399997711,17.9167804718
182,20.0450000763,18.5984706879
183,20.125,19.2772521973
184,20.2859992981,20.4371604919
185,20.6079998016,22.0563755035
186,23.5869998932,24.0835990906
187,26.6459999084,25.8760147095
188,27.2889995575,27.6323127747
189,28.658000946,29.5826950073
190,29.1410007477,29.9798278809
191,29.7049999237,30.1869354248
192,30.107000351,30.2747268677
193,30.5900001526,30.2715034485
194,30.4290008545,30.3279457092
195,31.313999176,30.4053153992
196,32.2000007629,30.5808906555
197,31.7980003357,30.8904457092
198,33.4879989624,31.4053535461
199,33.3269996643,32.4827461243
200,33.1660003662,32.9585990906
201,31.5559997559,30.7381782532
202,25.2770004272,27.687625885
203,22.5400009155,24.1871566772
204,22.6210002899,24.6012306213
205,23.4249992371,25.4184970856
206,23.0230007172,26.6881351471
207,25.1959991455,28.3229179382
208,26.4039993286,30.4401817322
209,28.1749992371,31.4571990967
210,28.658000946,31.8522605896
211,28.2549991608,32.2332000732
212,29.1410007477,32.452709198
213,28.4169998169,32.5724906921
214,28.5769996643,32.56980896
215,28.013999939,32.4818878174
216,28.4169998169,32.3565864563
217,27.8530006409,32.2382240295
218,28.658000946,32.1406555176
219,28.9799995422,32.065990448
220,29.7849998474,32.0062103271
221,29.3819999695,31.955116272
222,29.2220001221,31.8918380737
223,29.0599994659,31.7688980103
224,29.3020000458,31.4426651001
225,28.4969997406,30.611530304
226,26.0009994507,29.1814575195
227,24.7940006256,28.1104393005
228,25.5990009308,27.7418556213
229,24.3920001984,27.7270507812
230,23.7469997406,28.078666687
231,24.311000824,28.8134784698
232,25.0349998474,29.2461509705
233,25.2770004272,29.2164230347
234,26.3229999542,29.0476799011
235,26.0009994507,28.6400680542
236,26.4039993286,27.8694210052
237,25.3579998016,27.1550598145
238,24.7129993439,26.749382019
239,23.827999115,26.0800552368
240,22.8619995117,24.9829368591
241,21.8159999847,24.1760406494
242,21.2520008087,23.7183227539
243,20.6079998016,22.783821106
244,19.8829994202,21.8764686584
245,18.8369998932,20.9468460083
246,17.7910003662,20.4782371521
247,18.2740001678,20.4692974091
248,19.6420001984,20.4357299805
249,19.5620002747,20.4076938629
250,19.1590003967,19.931678772
251,19.3999996185,19.6516990662
252,18.4340000153,18.7509975433
253,18.4340000153,18.6522483826
254,18.5149993896,18.2844161987
255,18.2740001678,18.3356208801
256,17.3880004883,18.0267181396
257,17.1459999084,17.7971477509
258,16.7439994812,17.5120277405
259,16.6630001068,17.2377471924
260,17.0659999847,16.9580917358
261,17.3069992065,16.6076011658
262,18.1119995117,16.1859779358
263,17.4689998627,15.7762966156
264,17.0659999847,15.3622913361
265,16.1809997559,14.9526004791
266,16.422000885,14.6198139191
267,14.8120002747,14.4788246155
268,15.4560003281,14.5477523804
269,14.9729995728,14.7031517029
270,15.4560003281,14.8049659729
271,15.1339998245,14.8874645233
272,15.6169996262,14.992767334
273,15.7779998779,15.0700950623
274,15.6979999542,15.291601181
275,17.4689998627,15.759929657
276,18.3540000916,16.3513908386
277,20.2049999237,17.1477813721
278,20.6079998016,17.7241802216
279,20.3659992218,18.752412796
280,20.6879997253,23.2576236725
281,21.3330001831,23.3866653442
282,25.4379997253,26.2160072327
283,29.1410007477,28.9914627075
284,29.7849998474,30.759967804
285,31.8780002594,31.9581642151
286,33.1660003662,32.8127861023
287,32.84400177,33.0863761902
288,32.9239997864,33.3482093811
289,34.7760009766,33.5665855408
290,34.5349998474,33.7733001709
291,36.1450004578,34.0995140076
292,36.3860015869,34.1880073547
293,37.0299987793,34.4118003845
294,37.2709999084,35.2267341614
295,38.1570014954,36.2559928894
296,39.4449996948,36.2451210022
297,36.6269989014,34.749912262
298,29.7849998474,29.308839798
299,26.7259998322,25.6343650818
300,26.7259998322,24.9729690552
301,28.3360004425,25.0460243225
302,28.5769996643,25.7553825378
303,31.6359996796,27.3352127075
304,32.2000007629,29.3885269165
305,32.763999939,30.8382453918
306,34.9370002747,31.5386657715
307,34.4539985657,31.7318382263
308,34.0509986877,31.7575721741
309,34.0509986877,31.7101783752
310,34.0509986877,31.6700248718
311,33.6489982605,31.6903800964
312,33.9710006714,31.7458229065
313,34.0509986877,31.8116035461
314,34.3740005493,31.8757858276
315,35.4199981689,31.9334526062
316,34.9370002747,31.9865074158
317,35.016998291,32.0444755554
318,35.5,32.1009635925
319,34.6150016785,32.1275749207
320,34.5349998474,30.0906410217
321,33.408000946,31.4925880432
322,31.4759998322,30.5120506287
323,30.8309993744,30.1019248962
324,30.5100002289,29.7321281433
325,30.9120006561,28.6985569
326,30.4290008545,28.2981414795
327,28.9799995422,28.6649951935
328,30.3479995728,29.3573894501
329,29.0599994659,29.5890045166
330,29.9459991455,29.6190376282
331,29.7049999237,29.5965194702
332,29.7849998474,29.397769928
333,28.7390003204,28.930015564
334,27.611000061,28.3311233521
335,27.611000061,27.7571220398
336,26.0009994507,26.7676143646
337,25.3579998016,25.8072357178
338,24.9549999237,25.077703476
339,23.5060005188,24.146686554
340,21.4130001068,23.1980895996
341,21.2520008087,22.2147026062
342,20.125,21.3554210663
343,21.4130001068,21.0246734619
344,20.7689990997,21.3762550354
345,23.0230007172,21.6806926727
346,22.3789997101,21.5170993805
347,21.6539993286,21.351726532
348,21.2520008087,21.2729492188
349,21.4930000305,20.4343852997
350,21.7350006104,20.1675815582
351,21.4130001068,20.0032234192
352,20.6879997253,19.837223053
353,20.4470005035,19.6643104553
354,20.6879997253,19.6119308472
355,20.2049999237,19.6068611145
356,20.4470005035,19.3410224915
357,19.3199996948,18.889333725
358,19.8829994202,18.5777206421
359,18.9979991913,18.2550926208
360,19.079000473,18.2772941589
361,19.079000473,17.5126876831
362,19.079000473,17.1370658875
363,18.031999588,16.831571579
364,18.2740001678,16.6035881042
365,18.1930007935,16.3524456024
366,18.2740001678,16.2296218872
367,18.031999588,16.2893276215
368,18.4340000153,16.3362998962
369,17.9510002136,16.3606834412
370,19.079000473,16.5467281342
371,19.8829994202,16.9500751495
372,19.8829994202,17.500995636
373,21.4930000305,18.1135845184
374,21.8959999084,19.1285877228
375,21.9759998322,20.2124233246
376,22.5400009155,21.0155754089
377,23.263999939,21.8870258331
378,25.5990009308,23.3764228821
379,28.9799995422,25.7935409546
380,30.9930000305,28.400812149
381,32.2799987793,30.1016921997
382,32.9239997864,31.8633422852
383,33.5690002441,32.4947471619
384,34.2130012512,33.0072402954
385,33.7290000916,33.3226013184
386,34.6949996948,33.6423606873
387,34.6150016785,33.9487228394
388,34.6150016785,34.2293052673
389,34.6949996948,34.4338912964
390,34.5349998474,34.7718238831
391,35.1790008545,35.7844009399
392,35.0979995728,36.515209198
393,33.4879989624,36.3501968384
394,26.8869991302,34.8450622559
395,24.9549999237,29.9125041962
396,25.7600002289,26.2391471863
397,25.4379997253,25.1916255951
398,27.1280002594,25.2185516357
399,30.5900001526,25.9033203125
400,30.6700000763,32.9216575623
401,32.361000061,30.2054481506
402,32.84400177,31.2702980042
403,33.0849990845,31.852809906
404,31.3950004578,31.5961532593
405,31.9580001831,32.028842926
406,32.2000007629,31.9945449829
407,32.361000061,32.0163230896
408,32.2000007629,32.0331687927
409,32.2799987793,32.0672416687
410,33.3269996643,32.105342865
411,33.7290000916,32.1544113159
412,32.763999939,32.223487854
413,34.3740005493,32.310459137
414,34.2130012512,32.3458213806
415,34.3740005493,32.2247276306
416,34.0509986877,31.7868537903
417,33.7290000916,30.6603393555
418,30.5100002289,29.0063171387
419,30.0259990692,28.3376350403
420,29.5429992676,28.4033069611
421,29.6240005493,28.6321029663
422,28.4969997406,28.9999771118
423,28.8990001678,29.4669265747
424,28.8190002441,29.8760223389
425,28.7390003204,29.9062099457
426,28.658000946,29.7704582214
427,28.5769996643,29.5016841888
428,28.2549991608,28.9608917236
429,28.1749992371,28.3540401459
430,27.2889995575,27.7453517914
431,26.968000412,26.6308460236
432,25.5990009308,25.8008613586
433,24.7940006256,25.0109081268
434,24.2299995422,24.0428981781
435,23.0230007172,23.0422229767
436,21.8159999847,22.0456542969
437,20.8500003815,21.2253322601
438,21.0909996033,21.0764865875
439,21.9759998322,21.5270385742
440,22.7010002136,24.2719192505
441,22.7010002136,21.9250259399
442,22.6210002899,22.4327468872
443,21.9759998322,22.0869827271
444,21.7350006104,21.7898769379
445,21.170999527,20.1861076355
446,21.7350006104,20.3826522827
447,22.2989997864,19.9414787292
448,22.2989997864,20.0305175781
449,21.5739994049,19.6829185486
450,20.3659992218,19.5430183411
451,20.2049999237,19.4666595459
452,20.3659992218,19.2286987305
453,19.9640007019,18.9605865479
454,18.9169998169,18.6117324829
455,19.3199996948,18.2138900757
456,18.2740001678,17.8156070709
457,17.6289997101,17.464630127
458,18.1930007935,17.1978931427
459,18.4340000153,17.0588226318
460,18.6760005951,17.04778862
461,18.5949993134,16.9594211578
462,18.3540000916,16.7299232483
463,17.6289997101,16.470615387
464,19.2399997711,16.2440338135
465,18.9979991913,16.3044242859
466,17.9510002136,16.5585289001
467,19.6420001984,17.1214370728
468,19.8029994965,17.5878067017
469,21.9759998322,18.3614692688
470,22.9419994354,19.343082428
471,22.4589996338,20.2834091187
472,22.9419994354,21.5909118652
473,24.0690002441,22.7091960907
474,25.920999527,24.8126678467
475,28.5769996643,27.2090892792
476,30.5100002289,29.4392299652
477,32.2000007629,31.6630821228
478,31.716999054,32.9779586792
479,33.2459983826,33.560333252
480,33.9710006714,31.5242843628
481,34.2130012512,34.6656303406
482,34.2130012512,34.2950553894
483,34.8559989929,33.9012336731
484,34.9370002747,34.1830291748
485,35.0979995728,35.0075569153
486,36.4659996033,35.8508872986
487,37.5929985046,36.6842269897
488,37.5130004883,36.9320373535
489,33.2459983826,34.090675354
490,26.4839992523,28.1645641327
491,23.5869998932,25.2078933716
492,24.5520000458,24.4528007507
493,25.6800003052,24.9314517975
494,26.0009994507,26.0984153748
495,28.3360004425,28.3649845123
496,30.107000351,30.2832145691
497,30.6700000763,31.3898696899
498,31.8780002594,31.9791297913
499,32.5219993591,32.0010719299
500,31.5559997559,31.8976631165
501,31.313999176,31.821849823
502,32.0390014648,31.7904930115
503,32.5219993591,31.7757530212
504,32.2799987793,31.7739143372
505,32.0390014648,31.804271698
506,31.7980003357,31.8753395081
507,31.9580001831,31.9895019531
508,31.3950004578,32.124584198
509,31.6359996796,32.2149734497
510,31.1529998779,32.1269035339
511,30.9930000305,31.590007782
512,31.0729999542,30.2201004028
513,29.8649997711,28.7635650635
514,27.2089996338,28.2286911011
515,27.4510002136,28.099565506
516,26.6459999084,28.1859836578
517,26.6459999084,28.3854351044
518,26.0009994507,28.6859493256
519,27.2889995575,29.0625152588
520,27.9340000153,28.000541687
521,28.2549991608,29.1177177429
522,28.9799995422,29.0958557129
523,29.2220001221,29.1033344269
524,29.4629993439,29.3317070007
525,29.3020000458,29.4540843964
526,28.0939998627,29.3838768005
527,28.2549991608,28.9202098846
528,27.3700008392,28.219587326
529,25.517999649,27.3275299072
530,25.1959991455,26.2022514343
531,23.9090003967,25.2125587463
532,21.8959999084,24.1612091064
533,20.4470005035,23.0912475586
534,21.2520008087,22.0519981384
535,21.5739994049,21.2152996063
536,21.4930000305,20.9755554199
537,22.1369991302,21.4019050598
538,22.5400009155,21.9397315979
539,21.3330001831,21.6358890533
540,21.5739994049,21.2826061249
541,21.4930000305,20.2997913361
542,20.6079998016,20.2798595428
543,22.3789997101,20.2929840088
544,21.8159999847,20.0830745697
545,20.8500003815,20.1109924316
546,21.0909996033,20.1443767548
547,21.170999527,19.7988700867
548,21.3330001831,19.4716091156
549,20.2049999237,19.2770767212
550,19.2399997711,19.0670661926
551,19.3999996185,18.8209342957
552,19.5620002747,18.5257320404
553,18.9169998169,18.1963005066
554,18.5949993134,17.8524093628
555,18.5149993896,17.5108070374
556,18.5949993134,17.190826416
557,18.1119995117,16.9942550659
558,18.9169998169,17.0546207428
559,17.8710002899,17.0177764893
