,true_data,pre_data
0,33.3269996643,26.3745326996
1,34.2929992676,30.2101345062
2,33.6489982605,33.2868804932
3,34.6150016785,33.7216644287
4,35.2589988708,34.1144447327
5,36.547000885,34.7386665344
6,36.9500007629,36.1730957031
7,37.8349990845,36.483089447
8,37.6739997864,36.258556366
9,34.7760009766,35.3173828125
10,27.2889995575,31.5812892914
11,25.4379997253,25.4388008118
12,25.3579998016,24.400762558
13,25.5990009308,24.5229072571
14,28.0939998627,25.5634441376
15,28.9799995422,27.0259838104
16,31.0729999542,29.4890632629
17,30.5900001526,31.1161823273
18,32.0390014648,31.3528232574
19,31.2339992523,31.6674976349
20,31.6359996796,31.8574886322
21,32.4410018921,31.9752750397
22,30.9120006561,32.0467948914
23,30.3479995728,32.0924949646
24,31.5559997559,32.1209831238
25,31.4759998322,32.1360321045
26,32.2000007629,32.1371994019
27,31.5559997559,32.1210365295
28,32.361000061,32.0776634216
29,32.9239997864,31.9876270294
30,33.2459983826,31.8086566925
31,32.763999939,31.4577274323
32,32.1189994812,30.7953281403
33,31.716999054,29.7470760345
34,27.6919994354,28.674785614
35,25.517999649,28.1976604462
36,25.7600002289,28.2202739716
37,27.0480003357,28.3645076752
38,27.2089996338,28.5480556488
39,27.6919994354,28.7207775116
40,28.5769996643,29.2698879242
41,28.658000946,27.4867153168
42,29.3819999695,27.0346050262
43,29.8649997711,27.1745815277
44,29.8649997711,27.234872818
45,28.5769996643,27.0314846039
46,28.1749992371,27.0869045258
47,27.3700008392,26.7562770844
48,26.8059997559,25.6524143219
49,25.0349998474,24.1031513214
50,24.7129993439,22.8233680725
51,23.5869998932,22.0675258636
52,23.0230007172,21.4438858032
53,21.6539993286,20.9687366486
54,19.5620002747,20.9910373688
55,22.1369991302,21.369638443
56,21.4930000305,21.5823688507
57,22.7810001373,21.785533905
58,22.6210002899,21.7934913635
59,22.7810001373,21.9146327972
60,22.4589996338,21.6399478912
61,20.2049999237,21.0718669891
62,20.4470005035,21.4540691376
63,19.8829994202,21.3272285461
64,20.125,21.0985355377
65,19.8829994202,21.0619983673
66,19.6420001984,20.960811615
67,18.9169998169,20.7477588654
68,19.3199996948,20.4551715851
69,20.125,20.1249103546
70,18.6760005951,19.7785739899
71,19.3199996948,19.426399231
72,18.5149993896,19.0674381256
73,17.7910003662,18.6981067657
74,17.2269992828,18.3255195618
75,17.4689998627,17.9768295288
76,17.0659999847,17.7180156708
77,16.6630001068,17.6177215576
78,15.6979999542,17.5747013092
79,15.2950000763,17.4329090118
80,15.5360002518,23.7353382111
81,15.6169996262,20.2373600006
82,16.422000885,17.9151115417
83,17.3880004883,17.4595813751
84,17.6289997101,18.1906661987
85,18.7569999695,19.1935977936
86,20.0450000763,19.8700904846
87,21.3330001831,20.5511684418
88,21.5739994049,21.4694232941
89,22.218000412,22.8101291656
90,25.2770004272,24.9557209015
91,28.3360004425,27.8827133179
92,30.6700000763,30.1729297638
93,31.7980003357,31.8298854828
94,32.361000061,32.3520545959
95,32.84400177,32.6040763855
96,32.6030006409,32.7906303406
97,32.6030006409,33.0485877991
98,32.9239997864,33.3471374512
99,34.0509986877,33.6637954712
100,34.3740005493,33.9235420227
101,33.6489982605,34.1618919373
102,35.1790008545,34.7194213867
103,36.063999176,35.9113273621
104,35.7420005798,35.7611961365
105,33.8100013733,32.9212226868
106,26.5650005341,26.900478363
107,24.4720001221,24.4135189056
108,24.1499996185,24.4145412445
109,24.875,24.6196537018
110,26.0820007324,25.4983119965
111,28.1749992371,27.1085853577
112,28.9799995422,29.4450244904
113,30.3479995728,29.9820861816
114,30.9930000305,30.1071033478
115,30.9120006561,30.2247905731
116,31.0729999542,30.2412281036
117,29.8649997711,30.2095737457
118,30.4290008545,30.1548023224
119,30.5100002289,30.0957584381
120,31.0729999542,28.0762844086
121,30.5100002289,30.4337520599
122,32.1189994812,29.9067668915
123,31.2339992523,29.4683818817
124,30.9120006561,30.1098537445
125,30.9120006561,30.2774906158
126,32.0390014648,30.093038559
127,30.267999649,29.8992328644
128,30.0259990692,29.5937366486
129,29.4629993439,29.1084060669
130,26.2430000305,28.344247818
131,25.5990009308,27.2993526459
132,26.6459999084,26.2830142975
133,27.2889995575,25.8597126007
134,26.4039993286,26.0597305298
135,27.1280002594,26.6203212738
136,28.5769996643,27.2703266144
137,28.4969997406,27.4736270905
138,28.8190002441,27.4594650269
139,28.8990001678,27.1949062347
140,28.9799995422,26.4135303497
141,27.8530006409,25.1649723053
142,27.3700008392,24.2935733795
143,26.5650005341,23.763212204
144,25.6800003052,22.7432785034
145,24.311000824,21.4422740936
146,23.263999939,20.5210514069
147,23.263999939,19.8648357391
148,21.8159999847,19.486120224
149,20.4470005035,19.7266464233
150,18.9979991913,20.3114337921
151,20.6879997253,20.3529491425
152,20.6879997253,20.3647499084
153,21.0100002289,20.4001255035
154,20.9300003052,20.2311058044
155,19.8829994202,20.2561397552
156,20.0450000763,19.9249973297
157,19.1590003967,19.9186611176
158,19.3999996185,19.9846839905
159,18.5149993896,19.8620014191
160,19.4810009003,20.8219585419
161,18.9169998169,17.8579483032
162,19.1590003967,20.2617683411
163,18.8369998932,20.0380325317
164,18.3540000916,19.8868904114
165,17.8710002899,19.6351108551
166,18.2740001678,19.3251571655
167,18.8369998932,18.9872341156
168,17.3880004883,18.6233520508
169,16.7439994812,18.2513427734
170,17.0659999847,17.9011802673
171,16.986000061,17.6040248871
172,16.6630001068,17.3861484528
173,16.1809997559,17.23686409
174,16.8239994049,17.1006984711
175,16.3409996033,16.9419841766
176,17.2269992828,16.8302593231
177,16.6630001068,17.0113601685
178,17.7099990845,17.5529956818
179,17.5489997864,17.9722633362
180,18.7569999695,18.4798698425
181,19.2399997711,19.3005504608
182,20.0450000763,20.3125667572
183,20.125,21.2366523743
184,20.2859992981,22.587184906
185,20.6079998016,24.5150547028
186,23.5869998932,27.343214035
187,26.6459999084,30.116361618
188,27.2889995575,31.563085556
189,28.658000946,32.0547943115
190,29.1410007477,32.4859733582
191,29.7049999237,32.7715072632
192,30.107000351,32.9875144958
193,30.5900001526,33.2000617981
194,30.4290008545,33.4123268127
195,31.313999176,33.6353416443
196,32.2000007629,33.85105896
197,31.7980003357,34.1543426514
198,33.4879989624,35.0362167358
199,33.3269996643,35.8438301086
200,33.1660003662,26.9295520782
201,31.5559997559,32.0260391235
202,25.2770004272,32.0901222229
203,22.5400009155,31.6636791229
204,22.6210002899,29.6849002838
205,23.4249992371,27.1215419769
206,23.0230007172,25.0392055511
207,25.1959991455,25.0278491974
208,26.4039993286,26.692363739
209,28.1749992371,29.1137981415
210,28.658000946,29.8788890839
211,28.2549991608,29.8697910309
212,29.1410007477,29.9552078247
213,28.4169998169,29.9826374054
214,28.5769996643,29.9800395966
215,28.013999939,29.9571437836
216,28.4169998169,29.9260234833
217,27.8530006409,29.8891868591
218,28.658000946,29.8427448273
219,28.9799995422,29.7757015228
220,29.7849998474,29.666759491
221,29.3819999695,29.485004425
222,29.2220001221,29.2037506104
223,29.0599994659,28.8504581451
224,29.3020000458,28.5181026459
225,28.4969997406,28.232252121
226,26.0009994507,27.8832454681
227,24.7940006256,27.2996997833
228,25.5990009308,26.4225463867
229,24.3920001984,25.8803787231
230,23.7469997406,26.0650615692
231,24.311000824,26.5151119232
232,25.0349998474,27.1647586823
233,25.2770004272,27.5044574738
234,26.3229999542,27.55352211
235,26.0009994507,27.5556125641
236,26.4039993286,27.4542827606
237,25.3579998016,27.0529537201
238,24.7129993439,26.0456886292
239,23.827999115,24.7716007233
240,22.8619995117,28.3499336243
241,21.8159999847,25.1033573151
242,21.2520008087,23.9523391724
243,20.6079998016,22.955488205
244,19.8829994202,21.5561943054
245,18.8369998932,20.8555736542
246,17.7910003662,20.2658481598
247,18.2740001678,19.8777256012
248,19.6420001984,19.7708206177
249,19.5620002747,20.0056858063
250,19.1590003967,20.4608802795
251,19.3999996185,20.156873703
252,18.4340000153,19.8659954071
253,18.4340000153,19.3796443939
254,18.5149993896,18.8162307739
255,18.2740001678,18.7209377289
256,17.3880004883,18.5167808533
257,17.1459999084,18.2317256927
258,16.7439994812,17.9310894012
259,16.6630001068,17.6402721405
260,17.0659999847,17.3601169586
261,17.3069992065,17.0803089142
262,18.1119995117,16.7860736847
263,17.4689998627,16.4795131683
264,17.0659999847,16.1739253998
265,16.1809997559,15.8877182007
266,16.422000885,15.6444759369
267,14.8120002747,15.4806518555
268,15.4560003281,15.4521999359
269,14.9729995728,15.5897102356
270,15.4560003281,15.8257694244
271,15.1339998245,16.0444488525
272,15.6169996262,16.1627407074
273,15.7779998779,16.2692165375
274,15.6979999542,16.5982036591
275,17.4689998627,17.3610115051
276,18.3540000916,17.9863414764
277,20.2049999237,18.577627182
278,20.6079998016,19.5341758728
279,20.3659992218,20.5467720032
280,20.6879997253,25.0785160065
281,21.3330001831,25.200094223
282,25.4379997253,25.1336650848
283,29.1410007477,28.2686481476
284,29.7849998474,30.7199726105
285,31.8780002594,32.3852272034
286,33.1660003662,33.0659370422
287,32.84400177,33.3567848206
288,32.9239997864,33.7045402527
289,34.7760009766,33.7544403076
290,34.5349998474,33.7798881531
291,36.1450004578,33.9091491699
292,36.3860015869,34.1027259827
293,37.0299987793,34.3676948547
294,37.2709999084,35.0437812805
295,38.1570014954,36.3068580627
296,39.4449996948,36.1517295837
297,36.6269989014,33.4533958435
298,29.7849998474,27.6482982635
299,26.7259998322,24.7984142303
300,26.7259998322,24.7579574585
301,28.3360004425,25.3472919464
302,28.5769996643,26.3074817657
303,31.6359996796,28.1438045502
304,32.2000007629,30.5280895233
305,32.763999939,31.1148433685
306,34.9370002747,31.2974567413
307,34.4539985657,31.4623241425
308,34.0509986877,31.5617198944
309,34.0509986877,31.6465854645
310,34.0509986877,31.7236156464
311,33.6489982605,31.7944049835
312,33.9710006714,31.8565654755
313,34.0509986877,31.9091815948
314,34.3740005493,31.9507656097
315,35.4199981689,31.9811306
316,34.9370002747,31.9986057281
317,35.016998291,32.0019416809
318,35.5,31.986951828
319,34.6150016785,31.9476451874
320,34.5349998474,28.9876899719
321,33.408000946,29.1673412323
322,31.4759998322,28.9570884705
323,30.8309993744,29.2486724854
324,30.5100002289,30.2121715546
325,30.9120006561,30.1460018158
326,30.4290008545,29.5505561829
327,28.9799995422,28.9341144562
328,30.3479995728,28.7299842834
329,29.0599994659,28.9607276917
330,29.9459991455,29.200220108
331,29.7049999237,29.2246551514
332,29.7849998474,28.9295005798
333,28.7390003204,28.1722717285
334,27.611000061,27.1230068207
335,27.611000061,26.085313797
336,26.0009994507,24.7666454315
337,25.3579998016,23.3314609528
338,24.9549999237,22.4357795715
339,23.5060005188,21.7724704742
340,21.4130001068,21.1111087799
341,21.2520008087,20.6723518372
342,20.125,20.6726150513
343,21.4130001068,21.2433300018
344,20.7689990997,21.4813175201
345,23.0230007172,21.6406211853
346,22.3789997101,21.52368927
347,21.6539993286,21.4906997681
348,21.2520008087,21.0054893494
349,21.4930000305,20.3935832977
350,21.7350006104,20.2620868683
351,21.4130001068,19.9569854736
352,20.6879997253,19.8303890228
353,20.4470005035,19.8442745209
354,20.6879997253,19.7073841095
355,20.2049999237,19.4570941925
356,20.4470005035,19.0990314484
357,19.3199996948,18.7382640839
358,19.8829994202,18.4037761688
359,18.9979991913,18.0962619781
360,19.079000473,21.5783939362
361,19.079000473,18.3896312714
362,19.079000473,18.0127182007
363,18.031999588,17.3133678436
364,18.2740001678,16.9632892609
365,18.1930007935,16.6054782867
366,18.2740001678,16.40807724
367,18.031999588,16.385099411
368,18.4340000153,16.4428577423
369,17.9510002136,16.5679359436
370,19.079000473,16.9181194305
371,19.8829994202,17.5056381226
372,19.8829994202,18.018989563
373,21.4930000305,18.6456413269
374,21.8959999084,19.6995792389
375,21.9759998322,20.7241764069
376,22.5400009155,21.5886459351
377,23.263999939,23.0420856476
378,25.5990009308,25.0208301544
379,28.9799995422,28.315114975
380,30.9930000305,31.1888103485
381,32.2799987793,32.2246208191
382,32.9239997864,32.7631111145
383,33.5690002441,33.2126274109
384,34.2130012512,33.645778656
385,33.7290000916,33.9783592224
386,34.6949996948,34.2065925598
387,34.6150016785,34.3335456848
388,34.6150016785,34.4172401428
389,34.6949996948,34.6335449219
390,34.5349998474,35.5443077087
391,35.1790008545,36.5549278259
392,35.0979995728,36.1719207764
393,33.4879989624,33.5339317322
394,26.8869991302,26.7572288513
395,24.9549999237,24.5843906403
396,25.7600002289,25.0895061493
397,25.4379997253,25.7397022247
398,27.1280002594,26.7418041229
399,30.5900001526,28.5508270264
400,30.6700000763,28.2030105591
401,32.361000061,31.7912654877
402,32.84400177,31.5732402802
403,33.0849990845,31.1495761871
404,31.3950004578,30.4318904877
405,31.9580001831,31.0981884003
406,32.2000007629,31.6736431122
407,32.361000061,31.8387088776
408,32.2000007629,31.9310817719
409,32.2799987793,31.9962215424
410,33.3269996643,32.0294303894
411,33.7290000916,32.0346450806
412,32.763999939,32.0123825073
413,34.3740005493,31.9559574127
414,34.2130012512,31.8449802399
415,34.3740005493,31.6385936737
416,34.0509986877,31.2522182465
417,33.7290000916,30.5449199677
418,30.5100002289,29.4470920563
419,30.0259990692,28.4558753967
420,29.5429992676,28.2293682098
421,29.6240005493,28.3817577362
422,28.4969997406,28.5859603882
423,28.8990001678,28.8344249725
424,28.8190002441,29.1903610229
425,28.7390003204,29.6782817841
426,28.658000946,29.7486000061
427,28.5769996643,29.1805324554
428,28.2549991608,28.2685527802
429,28.1749992371,27.5271549225
430,27.2889995575,26.9356937408
431,26.968000412,25.8874015808
432,25.5990009308,24.4314422607
433,24.7940006256,23.2866039276
434,24.2299995422,22.4501743317
435,23.0230007172,21.7328472137
436,21.8159999847,21.1707820892
437,20.8500003815,20.8907375336
438,21.0909996033,21.1534748077
439,21.9759998322,21.7540798187
440,22.7010002136,29.4622497559
441,22.7010002136,24.7540359497
442,22.6210002899,25.1609973907
443,21.9759998322,22.8138561249
444,21.7350006104,22.3092098236
445,21.170999527,20.7592601776
446,21.7350006104,20.1423778534
447,22.2989997864,19.7441158295
448,22.2989997864,20.405921936
449,21.5739994049,20.1227855682
450,20.3659992218,20.1064491272
451,20.2049999237,19.982170105
452,20.3659992218,19.7104511261
453,19.9640007019,19.3599071503
454,18.9169998169,18.9783496857
455,19.3199996948,18.5977916718
456,18.2740001678,18.2292747498
457,17.6289997101,17.8802394867
458,18.1930007935,17.5566577911
459,18.4340000153,17.2656478882
460,18.6760005951,17.0265655518
461,18.5949993134,16.8712997437
462,18.3540000916,16.8133678436
463,17.6289997101,16.7790126801
464,19.2399997711,16.7085399628
465,18.9979991913,16.6487560272
466,17.9510002136,16.7802867889
467,19.6420001984,17.4033756256
468,19.8029994965,17.9947299957
469,21.9759998322,18.5544242859
470,22.9419994354,19.45429039
471,22.4589996338,20.5701694489
472,22.9419994354,21.4488239288
473,24.0690002441,22.6445446014
474,25.920999527,24.4788513184
475,28.5769996643,27.5321979523
476,30.5100002289,30.5908946991
477,32.2000007629,31.9695720673
478,31.716999054,32.3123016357
479,33.2459983826,32.7070350647
480,33.9710006714,26.3780975342
481,34.2130012512,30.2137546539
482,34.2130012512,33.2332725525
483,34.8559989929,33.6257286072
484,34.9370002747,33.9709129333
485,35.0979995728,34.6508255005
486,36.4659996033,36.0586662292
487,37.5929985046,36.3729362488
488,37.5130004883,36.1583557129
489,33.2459983826,35.2159538269
490,26.4839992523,31.4717197418
491,23.5869998932,25.2777748108
492,24.5520000458,24.2155380249
493,25.6800003052,24.3403263092
494,26.0009994507,25.3777961731
495,28.3360004425,26.8158397675
496,30.107000351,29.2950897217
497,30.6700000763,30.8900966644
498,31.8780002594,31.089849472
499,32.5219993591,31.3802318573
500,31.5559997559,31.5639591217
501,31.313999176,31.6944789886
502,32.0390014648,31.7875804901
503,32.5219993591,31.8560848236
504,32.2799987793,31.9046764374
505,32.0390014648,31.935716629
506,31.7980003357,31.9479732513
507,31.9580001831,31.9371356964
508,31.3950004578,31.891084671
509,31.6359996796,31.7859249115
510,31.1529998779,31.5715923309
511,30.9930000305,31.1584644318
512,31.0729999542,30.429265976
513,29.8649997711,29.4067440033
514,27.2089996338,28.4710330963
515,27.4510002136,28.0536289215
516,26.6459999084,28.075176239
517,26.6459999084,28.2192249298
518,26.0009994507,28.4026432037
519,27.2889995575,28.5740184784
520,27.9340000153,29.0737934113
521,28.2549991608,27.2242259979
522,28.9799995422,26.8441753387
523,29.2220001221,27.0025520325
524,29.4629993439,27.0589637756
525,29.3020000458,26.9054393768
526,28.0939998627,27.0638961792
527,28.2549991608,26.8609256744
528,27.3700008392,25.9119606018
529,25.517999649,24.4669437408
530,25.1959991455,23.1163043976
531,23.9090003967,22.2347583771
532,21.8959999084,21.5799236298
533,20.4470005035,21.0054187775
534,21.2520008087,20.8135032654
535,21.5739994049,21.1799087524
536,21.4930000305,21.4495506287
537,22.1369991302,21.6319103241
538,22.5400009155,21.5928096771
539,21.3330001831,21.6280441284
540,21.5739994049,21.2720985413
541,21.4930000305,20.4764194489
542,20.6079998016,20.5321998596
543,22.3789997101,20.2574176788
544,21.8159999847,20.0218200684
545,20.8500003815,20.0116558075
546,21.0909996033,19.8788318634
547,21.170999527,19.6372928619
548,21.3330001831,19.3013515472
549,20.2049999237,18.9599094391
550,19.2399997711,18.6307086945
551,19.3999996185,18.315071106
552,19.5620002747,18.0043430328
553,18.9169998169,17.6916713715
554,18.5949993134,17.3840751648
555,18.5149993896,17.1007137299
556,18.5949993134,16.8833827972
557,18.1119995117,16.7924976349
558,18.9169998169,16.8276386261
559,17.8710002899,16.8245925903
